Player1,Player2,Player3,Player4
Smart_HeartFeatureAI,Smart_HeartFeatureAI,Smart_HeartFeatureAI,Smart_ShootTheMoonFeatureAI
106,92,118,80
89,55,42,102
31,99,100,22
65,107,94,58
111,26,36,79
104,79,61,44
43,67,106,108
28,98,55,107
10,45,100,25
117,35,18,46
46,42,102,98
60,131,87,46
60,37,119,72
39,101,63,85
69,78,39,102
114,54,42,42
18,74,100,24
72,103,41,72
82,76,119,119
63,111,57,93
103,77,58,50
86,44,116,78
76,124,34,18
112,72,78,62
93,81,104,82
36,48,31,101
51,100,77,60
57,100,55,112
113,105,69,37
91,90,107,72
115,125,70,122
63,59,16,114
116,31,90,51
78,103,45,26
133,104,67,92
60,61,64,103
45,54,121,68
25,53,65,109
75,67,101,45
70,9,100,109
74,73,60,117
91,117,60,92
89,74,101,60
105,39,69,75
112,95,79,74
105,95,88,72
71,80,107,66
73,41,101,1
102,63,86,73
101,78,63,46
92,86,60,122
116,50,103,55
72,96,16,104
60,113,51,100
77,45,101,65
87,103,77,57
65,75,76,108
66,87,41,130
49,34,112,129
109,41,33,69
101,49,111,27
71,77,85,127
56,100,111,21
59,70,58,101
67,62,93,102
69,75,38,106
122,98,60,44
77,101,82,100
53,115,61,59
66,102,67,53
49,106,61,72
100,37,57,94
29,94,96,105
76,40,23,113
103,75,62,84
50,128,27,47
93,42,81,108
106,92,20,106
76,100,74,110
116,50,58,64
64,100,77,83
79,45,111,89
54,33,24,105
95,39,126,64
83,61,78,102
73,88,96,103
81,105,49,89
53,44,18,101
105,83,79,57
107,90,74,89
67,26,76,119
104,72,64,84
85,100,95,44
24,101,95,104
103,52,58,75
76,92,14,106
72,81,68,103
78,94,102,86
71,92,100,97
101,50,87,86
68,103,26,55
73,21,54,104
31,89,15,117
121,37,49,81
53,79,78,114
34,78,110,102
32,98,112,82
85,58,100,45
55,40,53,104
68,59,114,83
43,16,106,51
87,46,102,89
37,111,54,86
30,47,97,114
109,82,55,42
83,71,66,104
51,104,38,95
85,104,73,26
104,32,75,113
106,106,60,52
54,71,54,109
98,103,37,86
59,85,102,78
83,57,68,116
120,61,75,32
102,49,83,54
31,79,34,108
35,56,113,48
105,49,69,65
74,39,121,54
97,105,84,74
103,73,96,88
125,75,45,79
105,25,21,65
44,33,103,72
106,101,99,90
48,27,112,29
49,109,86,80
105,31,35,45
37,36,74,105
102,62,71,89
37,91,59,101
109,61,63,55
42,18,100,20
39,77,111,61
56,74,100,22
80,68,119,93
106,83,88,47
88,114,77,81
100,61,97,66
70,107,99,48
66,39,102,45
107,48,47,50
98,95,64,103
63,56,107,98
91,120,52,97
103,86,59,76
83,67,102,108
82,35,100,35
40,97,111,40
46,68,67,107
110,69,55,54
62,60,101,101
86,55,101,46
104,85,84,51
91,54,127,52
88,91,78,103
117,29,55,15
106,117,8,93
55,46,112,75
87,74,102,97
18,71,71,128
108,71,79,30
62,67,114,81
97,106,112,81
98,94,62,106
81,46,53,108
114,83,81,82
94,31,95,104
109,95,79,41
67,55,103,99
92,62,63,107
84,108,116,88
42,59,100,51
42,107,48,55
97,103,91,69
101,79,72,72
106,55,91,72
102,84,39,63
44,115,89,40
97,106,57,100
23,96,66,103
68,110,34,40
114,18,51,69
111,83,40,90
40,22,105,49
102,83,82,93
34,114,71,33
78,103,66,41
42,122,60,64
45,67,105,71
125,62,66,71
107,97,47,73
45,102,22,83
45,89,47,107
97,93,65,105
72,126,94,68
86,72,92,110
79,57,115,73
114,10,47,81
105,80,81,58
42,21,86,103
48,47,54,103
29,78,111,70
102,41,48,97
78,61,107,78
55,106,54,109
96,79,105,80
84,106,86,84
98,101,100,61
35,84,66,103
18,106,102,98
103,13,119,89
61,101,92,70
26,19,28,107
101,68,69,86
77,98,82,103
27,103,105,53
110,77,99,74
104,59,101,96
74,106,105,75
103,60,75,50
103,91,62,68
100,104,74,82
70,73,103,42
71,103,37,77
80,103,79,98
104,87,86,47
106,64,99,55
113,89,103,55
114,39,67,68
20,117,50,65
91,43,117,73
56,115,62,55
54,42,101,55
104,78,72,106
64,52,101,35
105,69,97,89
48,100,89,87
102,26,26,26
33,71,43,105
73,100,71,80
100,20,69,63
44,97,106,113
101,67,59,61
48,42,26,100
53,108,74,53
43,89,50,106
91,51,106,76
67,76,110,71
120,54,64,50
87,77,103,57
103,69,75,77
102,73,84,65
76,48,54,110
104,21,21,70
78,108,69,69
101,39,102,46
97,72,109,46
86,34,98,106
67,106,66,85
84,70,55,115
83,70,34,101
79,110,96,39
70,59,95,100
71,38,122,57
70,26,49,107
49,59,64,116
82,112,94,72
59,120,53,56
101,50,47,90
100,87,95,78
80,76,102,102
82,55,116,107
107,97,48,72
54,66,60,108
30,26,74,122
25,32,102,57
93,80,87,100
107,55,85,77
50,70,64,104
76,66,67,115
101,59,102,98
117,37,76,94
37,7,60,112
65,93,92,110
100,75,48,65
98,84,30,112
44,90,102,16
41,28,110,109
97,81,72,110
62,33,83,110
40,72,114,26
109,75,97,79
79,103,80,62
58,51,28,115
69,108,95,88
59,72,104,89
46,104,93,81
51,106,88,115
57,13,42,104
76,83,104,61
108,48,56,40
62,39,100,51
42,87,104,19
115,101,56,52
30,66,55,101
72,130,50,36
71,83,57,113
33,102,86,67
102,74,61,87
60,86,119,59
64,72,117,71
83,98,104,75
62,92,56,114
73,48,103,64
75,93,111,81
57,69,103,59
92,48,83,101
81,83,108,88
101,42,66,79
49,62,104,73
81,58,117,68
75,66,69,114
94,112,54,100
105,80,83,92
106,98,55,65
25,104,69,54
32,82,114,24
12,30,118,56
39,31,106,76
31,16,69,100
89,13,105,45
73,98,102,51
72,89,62,101
79,99,109,73
101,55,41,91
57,80,103,84
80,39,116,89
51,85,112,76
55,56,105,72
78,39,110,97
73,87,103,61
83,78,113,86
107,61,77,115
100,48,90,86
89,110,37,52
112,71,101,76
90,109,78,83
103,60,55,106
82,54,110,42
54,78,83,109
87,93,124,92
44,101,80,27
90,51,72,111
74,103,57,90
17,45,86,104
58,104,57,69
69,128,69,130
103,97,93,103
65,120,57,82
66,74,79,105
17,26,107,30
84,124,42,38
33,65,45,109
5,100,67,8
77,58,100,89
114,88,70,88
34,103,94,93
52,66,102,104
60,83,5,104
46,110,106,98
73,91,110,50
35,64,117,36
57,91,71,105
89,75,48,112
28,78,58,124
113,115,77,91
54,100,58,76
47,61,31,113
67,77,102,42
47,113,79,13
49,30,112,61
92,107,83,78
68,93,97,102
72,57,102,93
83,87,85,105
89,103,119,49
60,69,107,88
64,101,62,61
87,111,88,74
36,115,77,60
98,103,38,85
110,85,66,63
78,73,105,68
30,105,92,97
31,102,98,57
77,102,65,44
51,99,108,102
44,103,39,66
109,78,53,84
87,79,107,87
101,44,47,96
103,84,56,45
102,83,32,35
80,107,70,67
58,120,79,67
71,103,49,29
69,122,73,96
64,58,62,104
31,76,109,36
109,53,113,49
114,103,93,86
85,115,99,61
47,107,99,71
44,78,119,83
85,103,51,49
71,82,26,109
128,68,31,97
38,93,50,107
135,79,45,101
43,97,103,81
105,85,49,49
75,77,60,112
34,31,106,45
108,83,95,74
103,46,74,65
104,47,2,27
97,61,64,102
32,87,124,81
94,108,64,58
61,79,47,101
82,83,107,52
81,91,84,104
59,100,64,65
101,113,85,97
66,98,110,50
87,85,31,121
88,65,107,28
50,101,41,60
100,61,86,77
100,74,58,56
69,89,108,58
33,33,14,100
69,108,40,71
56,57,29,110
117,56,66,85
95,100,97,68
63,112,22,19
66,104,47,35
107,84,68,65
89,114,131,134
86,82,79,113
29,58,113,88
73,74,117,60
38,82,109,23
102,37,74,39
69,67,77,111
106,86,55,77
77,22,53,100
111,77,55,81
31,23,26,100
118,59,103,80
93,105,32,94
87,50,66,121
88,91,75,106
90,103,79,52
69,33,113,73
100,69,68,15
100,57,69,98
37,80,107,28
64,66,103,55
126,31,109,58
88,95,116,61
84,49,105,50
100,65,102,57
104,97,62,25
36,55,87,110
99,104,95,62
100,43,49,24
55,80,111,42
38,52,81,117
73,71,102,42
80,59,111,110
100,75,121,64
105,71,36,40
85,44,94,101
68,61,94,101
53,87,79,105
77,103,106,74
84,108,76,92
65,103,36,84
57,92,87,124
107,124,75,90
58,104,47,43
72,38,76,102
108,47,93,76
41,118,82,47
46,36,68,102
57,42,51,102
97,103,67,57
62,43,103,80
109,78,87,50
86,80,57,101
86,105,79,90
104,74,73,37
35,72,108,37
40,74,107,67
102,75,23,16
101,67,57,27
74,38,101,39
80,107,69,68
120,92,80,32
115,86,73,86
70,123,70,61
121,99,91,49
37,110,27,42
43,33,123,89
97,84,101,78
103,70,82,69
49,81,92,102
99,91,112,94
102,88,110,24
85,18,100,85
85,72,53,114
98,69,73,120
33,67,65,123
89,57,41,101
60,75,108,45
84,68,112,60
100,74,86,64
91,24,113,60
113,4,61,38
56,75,52,105
92,106,50,76
29,113,41,33
42,67,29,114
51,106,26,33
82,81,101,96
66,102,44,40
67,58,103,60
85,92,41,106
28,53,21,114
70,67,87,100
100,81,53,54
33,112,44,63
121,66,54,83
33,109,50,24
81,103,83,21
119,48,61,60
81,69,74,100
87,54,111,72
98,92,105,65
100,116,60,48
105,86,66,67
106,54,55,37
37,106,88,57
94,107,85,74
48,127,24,53
61,75,105,47
62,51,111,28
42,41,61,108
108,92,82,78
44,102,100,78
65,59,102,98
14,103,53,46
32,100,25,95
115,97,104,80
21,35,110,50
95,112,83,70
72,49,61,106
31,101,69,15
49,83,103,53
64,99,112,85
90,101,39,58
93,113,41,77
59,28,92,109
96,94,59,111
76,68,76,104
58,83,120,63
80,102,65,77
103,70,56,59
49,77,86,112
81,39,26,106
28,103,65,56
76,80,110,94
104,100,90,66
123,79,87,71
98,62,104,96
89,50,116,69
113,73,65,109
105,75,100,80
64,100,40,84
65,109,68,82
104,27,78,79
54,49,36,113
23,28,101,64
82,111,86,81
34,81,30,107
32,105,79,36
116,59,60,89
111,61,84,68
55,110,31,92
107,79,77,97
69,85,29,105
91,63,65,105
99,107,116,74
48,100,58,46
92,107,77,84
123,43,74,84
63,46,71,108
98,99,85,114
45,105,72,66
84,102,90,84
68,102,84,106
65,77,110,72
67,101,87,69
94,44,105,81
7,103,18,16
60,97,111,56
69,53,110,92
45,75,121,83
106,40,26,44
71,107,35,75
67,30,49,106
104,66,59,59
72,47,115,90
65,100,120,111
120,112,86,114
118,88,58,96
23,69,116,44
100,67,78,43
70,46,115,93
122,26,98,6
96,76,78,110
67,74,104,79
89,84,107,80
74,88,90,108
69,115,38,66
49,19,109,75
110,51,96,67
97,111,109,115
26,112,30,48
90,40,110,48
108,76,64,76
45,109,88,82
90,56,106,108
41,47,60,104
30,75,43,104
94,103,80,47
118,84,86,108
36,20,100,60
64,108,36,44
47,104,48,53
113,17,45,41
92,105,90,73
37,66,12,101
106,56,75,51
56,73,101,22
111,104,84,25
91,99,106,64
87,85,73,115
102,76,71,39
29,71,119,33
84,33,114,93
73,45,108,62
35,60,52,105
93,65,100,66
81,118,91,70
102,75,84,99
26,105,51,34
91,65,27,105
92,57,113,62
62,101,84,77
75,115,51,83
81,102,90,51
50,64,74,100
102,32,79,39
79,78,67,100
73,100,58,21
71,96,74,119
47,103,61,77
86,113,106,91
36,107,11,62
77,105,74,68
40,91,103,54
71,63,80,110
101,93,33,97
59,88,70,107
71,104,55,94
102,89,34,63
71,112,51,90
33,48,90,117
56,112,74,46
105,80,74,65
79,54,124,67
103,98,84,75
67,121,32,104
100,72,66,50
43,116,133,104
81,28,40,103
73,127,87,73
85,105,72,62
51,74,26,101
122,67,86,85
97,47,78,102
51,103,94,112
101,79,81,63
74,104,96,50
114,49,48,113
58,84,70,112
65,69,100,54
43,94,100,51
83,106,65,34
54,99,106,65
56,68,102,98
107,26,55,100
55,118,91,60
44,56,111,77
119,67,55,83
123,135,74,64
71,34,104,43
83,101,67,1
100,107,28,89
104,73,54,57
36,55,105,92
15,101,22,42
84,40,61,103
41,27,100,12
87,73,103,97
110,83,41,90
57,102,55,74
103,98,65,94
56,97,94,113
29,104,41,42
75,74,57,118
90,43,123,32
57,105,46,44
100,4,71,77
88,91,107,110
106,49,87,46
101,81,73,69
36,101,76,39
59,41,50,102
106,89,94,71
101,90,62,35
76,64,65,119
75,110,49,90
79,113,72,60
49,39,106,58
111,30,12,63
45,64,116,99
89,68,89,114
83,74,58,109
105,47,103,69
121,97,58,84
75,110,91,120
90,95,109,66
52,99,60,113
87,70,106,97
46,38,110,22
83,109,51,81
63,103,56,102
64,31,108,49
85,101,74,100
94,57,110,27
30,80,103,75
13,54,102,11
59,111,21,61
110,74,70,70
82,77,119,46
7,79,54,112
59,71,56,102
109,43,112,24
55,111,54,68
100,78,80,66
95,94,60,111
72,42,106,32
35,74,42,101
76,118,72,94
41,109,37,65
91,110,33,54
68,21,108,55
8,115,75,90
67,101,74,82
76,88,50,110
62,34,90,102
44,93,84,103
118,47,63,96
93,56,112,63
83,104,64,37
120,86,60,58
84,78,114,84
82,67,89,122
110,79,81,90
55,68,103,98
99,69,88,104
18,89,104,77
57,100,51,44
67,68,104,85
80,119,71,54
80,35,113,24
73,103,38,38
72,83,24,109
90,104,77,89
107,97,86,34
54,103,24,71
93,58,118,19
121,76,82,81
41,109,84,54
60,42,100,50
56,87,95,122
102,93,74,91
61,116,51,96
88,36,97,103
101,89,86,84
26,48,102,76
81,29,112,66
99,75,107,79
83,46,59,100
77,105,14,56
68,27,104,89
91,55,108,70
101,67,64,92
81,45,103,59
41,111,104,32
27,20,76,129
34,40,33,109
41,26,42,107
105,66,39,78
66,127,48,83
55,110,93,102
108,46,40,22
27,99,104,94
64,111,36,41
43,58,126,61
109,79,63,37
28,104,29,55
24,101,69,94
34,104,34,8
87,100,91,82
93,111,65,91
49,84,106,49
79,40,33,100
58,82,72,112
49,33,102,32
77,104,60,47
67,54,110,57
71,15,56,110
51,80,103,54
104,110,52,94
34,88,110,56
92,51,80,101
65,111,33,79
98,37,52,101
86,64,105,69
77,64,45,102
70,80,110,64
118,47,76,47
69,101,51,31
55,58,113,62
109,75,50,54
102,89,107,98
37,56,90,105
101,79,64,80
69,100,87,68
39,100,44,33
103,91,77,53
95,107,60,98
70,103,47,32
78,73,104,69
89,37,102,96
117,67,95,81
25,33,84,110
100,43,15,22
70,88,113,89
123,52,78,71
68,93,90,109
106,83,117,54
107,65,64,52
48,116,34,90
85,114,68,93
53,92,107,72
30,39,104,79
69,121,44,18
51,90,35,112
30,76,82,100
99,88,112,61
18,67,109,58
88,68,101,67
82,37,105,100
50,103,80,55
37,106,47,62
91,78,81,110
59,58,103,104
91,49,101,47
51,51,44,106
109,65,69,45
57,42,41,112
30,46,106,34
131,103,96,66
114,91,83,72
66,81,76,101
78,74,23,113
51,92,128,89
108,82,50,84
57,123,80,100
43,46,109,90
22,74,88,104
89,105,93,73
87,111,62,100
108,66,68,46
49,103,108,100
91,65,122,46
46,36,100,34
17,39,110,50
42,17,46,111
76,121,47,80
53,52,100,83
112,89,92,67
108,59,33,88
76,104,63,81
100,83,78,99
14,81,102,55
104,16,38,94
110,85,41,124
36,35,101,44
72,68,80,104
59,113,43,73
37,100,79,72
100,51,9,56
118,88,73,81
85,41,105,57
116,32,83,57
46,109,89,80
76,53,107,52
102,61,50,75
102,58,58,70
42,20,102,88
107,83,99,107
111,58,109,82
80,114,50,44
69,108,112,71
74,61,111,78
102,65,70,87
103,65,110,46
101,70,83,34
77,101,82,100
83,58,123,96
24,120,108,36
101,34,81,72
69,112,58,49
83,107,100,70
82,100,80,98
40,111,67,34
108,48,47,49
100,112,119,65
80,85,92,103
39,87,107,55
36,101,83,104
82,59,112,71
38,103,45,102
64,65,81,114
106,94,91,105
82,94,83,101
99,112,104,81
54,39,106,53
113,24,73,78
65,60,63,100
62,108,95,23
42,51,94,101
62,101,69,56
115,75,112,94
56,37,92,103
106,50,38,58
10,23,33,114
104,89,65,66
85,58,91,126
33,93,105,57
81,66,110,103
119,83,86,72
67,122,115,92
78,110,45,91
33,76,116,99
108,69,82,29
79,87,92,102
92,57,72,103
46,51,111,44
127,74,42,9
50,58,101,79
88,106,94,36
107,118,37,62
51,104,61,72
90,64,88,118
107,62,94,97
66,75,82,101
92,111,44,77
96,91,73,100
50,107,63,32
107,89,102,98
32,79,52,125
110,76,39,63
50,82,47,109
37,36,54,125
91,107,91,71
60,26,113,53
110,42,88,84
42,77,102,67
39,48,49,116
48,100,47,57
84,115,103,94
75,101,122,62
74,78,103,33
49,48,109,82
74,23,105,86
66,104,48,70
74,65,48,101
97,119,82,26
92,95,125,84
70,91,113,86
101,60,125,38
89,83,85,103
114,69,25,80
102,51,77,22
111,50,31,60
61,100,91,72
93,55,69,107
94,76,103,51
104,86,74,96
25,40,15,100
40,105,80,63
80,64,29,115
84,102,95,43
101,107,88,28
68,31,105,48
93,57,70,104
16,50,105,45
103,83,96,114
48,81,56,103
69,58,105,56
16,115,45,4
86,102,87,121
51,121,47,69
71,101,74,78
89,104,76,55
104,105,51,28
24,28,80,120
48,78,100,26
55,104,31,98
101,94,60,105
81,98,41,104
35,29,100,52
83,99,55,123
80,16,112,44
100,104,87,105
80,72,101,71
104,40,68,40
101,104,88,67
90,42,105,87
55,99,56,114
92,54,109,69
102,63,55,68
50,38,77,123
63,42,103,80
73,82,108,97
105,98,62,59
110,46,47,49
72,103,69,80
107,93,57,67
34,88,90,112
56,101,30,65
69,98,101,56
16,47,101,16
52,44,101,55
108,53,57,34
105,54,74,91
104,95,46,79
33,62,54,103
75,43,101,69
93,105,113,85
79,42,107,96
80,89,76,115
100,44,47,61
82,122,41,79
81,89,114,40
78,102,66,114
103,55,40,54
82,45,50,111
106,71,83,28
47,82,111,48
75,88,59,102
119,99,64,78
75,103,57,89
94,107,57,66
95,57,102,70
67,38,79,104
101,99,82,114
96,62,106,60
56,30,117,49
100,53,80,55
95,104,56,105
57,73,88,106
103,91,59,35
61,46,102,43
47,51,100,90
106,21,50,39
66,94,96,104
46,62,114,66
107,44,69,104
56,53,107,108
34,102,65,87
101,40,120,135
101,100,54,33
87,102,30,69
60,49,43,100
74,113,49,88
52,55,113,68
85,113,101,97
92,105,102,97
115,69,80,60
58,100,68,62
73,35,100,80
113,106,65,112
108,70,55,91
100,69,51,68
37,104,86,97
82,50,47,109
106,73,54,55
73,65,102,12
96,102,82,80
33,46,104,105
92,113,69,50
105,77,90,88
73,111,88,52
120,64,47,93
113,70,35,106
44,83,55,106
41,68,41,102
57,102,76,17
46,81,104,57
79,74,115,92
88,110,61,101
32,50,102,68
57,42,106,119
62,48,73,105
81,100,69,110
70,89,104,61
105,111,77,31
70,116,109,29
109,23,68,88
25,100,97,102
103,44,53,16
22,77,47,106
75,90,51,108
100,59,7,86
59,63,92,110
108,65,38,41
112,11,79,50
84,109,19,76
81,63,36,108
83,50,108,47
52,120,90,62
69,37,102,80
102,43,100,43
103,43,80,62
45,81,85,113
49,66,101,36
61,73,111,79
95,112,19,98
97,99,100,64
62,39,48,103
82,103,51,52
54,100,44,54
102,121,38,99
42,112,68,30
126,48,86,64
127,86,43,68
52,51,38,111
117,59,63,85
98,33,89,104
28,63,100,61
56,110,66,20
111,65,92,56
34,52,117,85
101,64,100,95
109,49,72,22
110,73,56,85
57,67,109,55
104,101,63,92
103,40,30,79
78,60,78,108
76,46,109,93
111,81,86,82
21,16,62,117
83,115,61,29
113,24,61,54
79,35,116,94
100,75,42,71
90,103,59,72
63,104,66,55
125,88,102,81
108,85,78,53
35,101,91,97
54,104,95,71
85,91,67,117
111,82,54,77
100,80,63,45
28,122,75,27
109,76,32,107
103,52,47,86
57,71,89,107
117,90,91,62
102,38,54,94
106,48,71,99
106,58,63,97
97,102,56,69
52,67,111,58
87,86,100,51
73,101,62,88
116,83,107,90
91,98,117,54
83,119,46,76
88,95,103,74
105,99,49,107
50,103,102,69
100,99,56,69
106,25,115,78
52,25,107,68
84,104,55,81
16,57,107,36
81,30,61,116
81,108,15,48
37,100,62,89
49,36,62,105
96,71,50,107
85,90,100,49
94,107,75,84
135,81,82,134
101,54,25,108
26,102,51,73
40,17,121,74
67,70,128,95
99,80,69,112
80,104,80,24
44,77,111,56
101,103,62,58
102,48,98,112
78,123,29,94
126,39,58,29
27,101,20,68
71,52,62,103
49,61,105,109
97,107,34,86
99,75,109,77
100,25,74,53
77,97,42,108
18,105,38,55
12,93,40,107
47,104,64,109
80,109,65,34
81,81,111,87
38,86,26,102
83,42,98,101
89,107,73,55
94,61,66,103
117,85,58,64
113,92,70,85
73,104,34,41
111,108,83,94
24,101,58,69
121,99,61,79
68,52,31,101
50,51,70,117
95,80,49,100
71,104,60,89
67,111,64,82
112,74,57,81
20,76,102,18
92,81,109,114
73,54,86,111
81,57,107,43
110,61,36,45
110,101,95,90
45,111,75,57
43,105,80,60
112,55,66,91
72,35,107,38
123,103,78,56
43,97,101,47
80,103,69,36
82,108,78,92
101,85,93,81
83,111,90,40
47,112,60,105
22,17,76,101
104,88,73,95
34,94,87,109
49,72,85,118
73,86,113,88
87,108,80,85
56,41,101,90
104,30,14,32
38,100,75,75
43,84,103,94
77,134,96,89
100,38,90,96
77,93,100,54
60,115,57,92
49,52,15,100
112,59,96,57
32,119,51,86
110,15,64,27
135,26,45,82
106,18,79,49
59,101,27,65
78,67,115,64
72,103,59,18
95,110,55,64
109,87,94,70
115,95,98,88
105,34,84,65
45,50,52,105
43,104,81,132
105,53,87,43
80,55,81,108
30,34,47,105
111,42,39,60
40,101,79,32
101,44,54,17
82,100,42,64
118,62,61,47
67,27,92,102
59,76,87,102
55,100,43,54
100,38,65,85
79,99,75,107
96,111,21,96
117,69,88,50
28,102,67,91
25,38,52,101
112,37,75,100
65,89,18,116
86,92,72,110
119,88,110,115
101,40,53,94
105,45,96,42
35,100,104,49
82,66,75,101
101,43,52,20
7,93,106,46
57,48,81,102
102,28,41,9
97,79,108,76
26,11,40,103
124,71,109,92
97,117,90,56
18,104,46,48
80,100,99,81
105,53,50,116
101,27,83,41
88,112,54,106
63,113,73,39
58,18,106,34
83,20,117,68
91,122,95,88
111,93,61,95
108,82,116,54
103,115,23,47
101,111,46,102
85,77,103,23
21,56,71,104
111,96,99,90
94,75,53,102
117,70,63,74
34,43,114,97
60,90,108,30
52,73,107,92
111,21,31,53
60,81,101,82
124,50,76,74
79,84,102,59
53,76,95,100
102,75,89,58
123,87,58,56
30,115,57,50
49,121,62,56
45,47,43,117
87,66,66,105
79,104,73,68
85,54,104,45
102,96,53,73
50,62,113,63
106,44,39,27
29,81,106,72
86,27,67,108
80,69,118,57
60,76,100,88
55,106,50,41
59,103,63,27
45,110,43,54
51,113,55,69
78,104,37,105
36,110,55,51
104,96,29,59
76,95,101,88
85,103,70,102
67,91,30,100
106,73,85,96
92,111,129,64
102,20,10,48
104,104,66,50
58,46,101,47
123,70,35,24
121,100,62,41
98,80,106,76
67,80,105,72
70,56,114,84
4,108,48,56
67,63,111,83
116,83,65,60
41,94,82,107
113,65,83,63
107,57,89,107
80,114,89,77
52,69,24,107
86,101,93,80
86,100,82,56
106,53,66,63
44,28,43,101
115,85,61,63
93,115,89,63
74,62,100,88
109,62,76,113
45,30,101,112
74,86,118,46
87,56,45,100
93,54,75,102
57,61,23,111
54,107,91,36
112,53,60,63
102,58,66,62
59,72,105,88
74,109,87,90
50,101,43,58
96,70,100,94
127,46,15,28
85,83,88,104
104,62,83,75
70,130,68,56
46,78,102,62
125,54,102,79
27,42,127,20
61,32,91,104
37,98,28,125
68,40,77,103
102,51,85,50
41,102,92,53
72,110,44,98
62,43,75,108
60,82,42,104
70,99,85,106
120,52,35,9
111,21,55,29
133,121,119,95
40,102,40,70
22,30,103,61
38,61,100,89
76,122,64,98
55,53,92,124
81,101,52,90
36,26,82,108
92,31,107,22
85,49,24,130
86,94,102,78
90,41,54,103
27,104,20,65
100,38,97,53
75,37,110,30
52,80,105,87
30,100,37,49
44,104,64,76
61,37,112,42
81,66,73,104
73,107,57,51
107,81,53,83
105,78,43,98
73,59,107,85
111,73,45,59
47,109,46,50
98,98,58,106
22,51,115,64
86,75,103,24
112,104,51,57
109,78,76,61
47,46,58,101
108,118,72,98
108,58,53,33
78,101,84,97
107,80,78,95
54,92,76,102
113,81,37,93
34,48,58,112
58,114,31,49
117,99,94,86
88,110,99,99
60,91,101,72
118,106,66,70
9,120,38,49
63,44,27,118
79,128,42,39
92,75,103,54
35,59,107,87
79,87,55,103
120,46,90,68
50,61,105,72
108,63,33,84
74,106,62,82
106,67,33,46
95,31,108,90
102,47,45,94
47,110,52,43
66,36,101,49
94,92,68,106
31,21,116,48
113,86,115,46
116,94,68,46
104,52,40,92
61,49,94,120
35,70,104,43
112,92,77,79
94,51,97,118
77,100,84,99
90,101,63,70
56,60,109,27
68,52,32,100
101,60,77,86
101,94,69,96
49,108,67,100
101,83,77,99
79,110,95,76
59,62,27,104
95,14,100,79
79,80,29,100
90,101,100,105
115,103,52,90
107,43,40,98
36,81,25,110
81,78,115,50
98,42,47,101
92,44,71,117
89,115,71,49
63,121,12,56
36,102,53,61
75,78,60,111
78,63,45,102
118,41,98,103
100,82,103,75
63,56,107,62
109,28,45,70
116,51,66,91
73,103,59,89
91,89,95,121
104,59,105,56
37,48,28,103
77,89,116,42
90,92,74,104
95,72,90,103
60,51,76,101
9,104,58,45
122,56,57,53
110,18,92,68
101,56,76,91
35,107,38,36
88,85,85,102
98,68,102,56
48,65,34,105
53,110,41,48
40,111,43,58
94,74,91,101
83,61,102,42
102,42,39,33
52,108,52,40
84,87,71,118
85,58,102,43
101,42,59,50
94,107,94,65
97,73,106,84
68,66,44,110
105,36,62,49
102,62,105,91
78,77,100,33
101,57,72,94
55,82,87,100
95,116,35,78
39,87,23,103
78,60,121,65
65,107,93,59
102,55,104,99
57,114,88,65
12,61,103,40
66,114,84,96
83,73,106,98
91,69,103,97
80,57,42,109
63,84,113,100
15,45,53,103
34,64,46,108
52,54,115,31
44,111,74,59
27,85,58,118
92,105,80,47
103,78,65,78
36,70,41,105
26,61,49,116
69,57,50,112
74,52,105,57
107,81,39,61
107,14,9,14
100,103,98,95
48,101,108,67
71,117,59,77
92,112,87,105
94,103,55,36
65,105,45,73
9,39,108,24
112,67,55,90
101,64,79,80
78,126,71,85
91,58,101,74
43,62,122,61
97,76,101,50
56,43,51,102
24,108,63,57
73,113,42,96
67,87,101,33
39,33,104,76
68,93,20,107
114,57,97,92
81,42,111,54
114,12,57,105
85,40,39,124
80,104,51,89
61,110,70,47
78,40,110,60
93,80,101,86
105,89,70,60
37,46,14,119
113,45,90,76
71,103,71,79
77,51,90,106
67,100,63,22
83,107,51,47
104,66,67,87
41,87,50,110
68,83,27,110
58,67,103,24
83,112,53,76
104,69,43,72
77,68,102,77
90,62,107,29
4,31,45,100
110,106,83,97
100,40,50,98
91,92,77,100
102,87,56,79
59,43,100,86
107,68,51,62
109,31,62,86
14,131,85,22
60,66,53,109
69,32,106,81
58,68,103,95
104,84,111,97
87,107,83,83
122,93,89,92
86,100,55,83
80,72,70,102
108,56,43,81
105,112,78,65
61,101,55,71
64,101,71,16
114,90,44,40
87,88,33,116
108,74,84,58
77,63,48,100
97,127,98,38
106,93,100,25
50,113,93,104
66,84,71,103
105,40,62,81
103,67,66,88
61,77,127,59
29,101,23,63
103,58,80,47
78,90,111,81
100,93,72,59
97,45,32,114
104,82,96,114
109,89,56,106
93,45,100,50
109,92,84,75
116,93,52,99
98,131,92,75
100,108,58,94
103,30,67,88
72,91,58,103
62,105,52,33
95,44,79,106
53,22,103,74
55,76,112,81
67,122,77,58
16,32,107,61
70,104,40,38
65,101,37,49
113,101,17,21
114,24,48,66
99,92,102,67
95,105,40,12
101,15,70,66
123,61,63,41
104,55,57,72
28,83,100,41
124,88,45,103
117,89,56,26
20,84,106,42
93,104,72,55
85,68,110,61
99,107,102,88
79,78,66,101
53,48,102,85
29,78,110,71
58,86,36,108
102,58,99,65
60,109,75,80
89,105,69,61
62,111,93,22
95,112,106,83
109,53,41,49
40,97,61,126
109,45,87,83
79,85,113,83
71,102,97,54
61,76,78,109
106,93,83,114
101,76,45,66
104,107,107,78
130,54,35,69
53,37,113,49
112,37,40,27
112,66,77,69
44,68,63,113
47,86,52,103
79,97,76,108
102,44,31,75
71,57,93,103
79,83,92,106
99,87,103,107
64,91,92,113
117,69,64,38
71,49,61,107
54,41,100,57
71,107,19,55
61,109,85,33
58,96,100,70
61,118,63,46
67,56,111,90
59,80,106,43
62,63,56,107
106,96,67,55
103,82,70,69
88,76,53,107
101,48,49,54
76,94,78,112
129,63,51,81
52,38,8,118
7,100,81,28
63,106,45,74
101,61,67,95
51,66,62,109
37,56,106,53
110,65,83,66
37,74,120,57
45,32,20,119
60,14,31,111
85,89,113,73
35,91,79,119
75,58,41,114
66,82,58,118
112,95,94,95
97,105,88,70
14,112,76,50
61,69,91,103
133,88,88,123
59,58,33,102
60,100,55,37
83,61,79,101
119,53,54,98
104,63,52,69
72,39,64,113
42,97,41,108
100,106,77,77
41,85,110,52
58,102,47,117
93,86,104,77
96,97,107,60
109,109,93,85
66,101,91,66
108,25,69,86
73,102,43,70
97,108,37,46
94,76,113,41
117,96,80,67
117,102,39,102
36,93,104,55
113,26,60,89
107,70,72,39
81,98,80,101
61,91,95,113
77,72,116,131
63,56,112,93
114,70,34,70
53,127,92,88
113,62,85,28
55,26,100,71
23,34,104,91
57,121,55,91
93,92,72,103
68,105,62,53
115,69,19,49
44,67,41,100
65,109,58,56
105,80,45,58
21,100,61,34
79,48,103,58
59,80,76,109
90,71,100,63
100,97,82,81
41,68,104,39
81,95,78,106
33,104,24,19
105,79,91,85
53,45,88,102
77,101,113,33
117,62,101,80
27,52,116,57
25,53,119,55
118,95,73,38
63,101,86,110
81,64,102,113
105,45,81,57
41,91,19,101
79,74,102,69
88,34,59,107
109,50,67,62
105,41,96,82
102,96,71,91
84,59,53,128
60,58,70,100
39,78,109,98
67,130,49,114
67,56,102,99
112,54,56,102
101,60,101,26
49,105,4,58
109,33,41,69
113,50,51,38
40,36,38,102
75,110,91,48
106,38,53,91
65,38,78,107
46,112,70,24
100,76,46,30
42,102,24,48
73,105,76,70
89,100,71,100
75,51,106,92
67,125,46,50
72,74,116,26
90,101,73,60
70,113,89,88
111,61,42,74
61,97,102,64
77,57,45,109
100,87,107,66
110,39,77,62
27,107,94,60
132,89,103,72
60,17,115,60
85,69,104,66
104,94,90,36
121,93,74,72
22,102,65,63
31,30,87,104
96,91,35,102
121,50,81,36
78,92,89,101
108,86,59,71
86,104,102,104
75,47,109,57
62,112,67,83
108,98,103,15
48,110,92,74
44,120,68,20
58,46,33,115
65,75,48,100
42,98,120,64
54,97,71,102
25,111,15,65
119,74,99,68
46,112,33,61
61,53,58,116
65,45,76,102
75,76,106,103
43,107,84,90
111,12,24,33
83,106,80,55
84,106,78,56
21,49,3,107
53,66,92,113
117,38,28,33
55,111,57,65
80,102,21,49
51,117,91,65
88,104,69,99
84,52,75,113
119,61,89,91
81,106,97,40
76,101,91,56
32,112,64,44
101,43,98,82
97,103,27,97
73,89,117,45
97,103,124,72
92,114,81,73
76,78,61,109
63,103,58,100
72,78,108,102
114,69,61,80
38,50,96,104
107,92,106,55
104,57,97,30
102,42,75,69
84,103,53,84
35,84,86,119
72,103,70,79
101,82,111,66
78,107,37,30
36,31,108,77
77,104,79,64
46,95,121,62
105,38,45,28
54,48,69,117
120,92,91,57
123,86,73,42
82,29,76,101
105,46,77,60
109,81,94,76
77,68,111,68
89,64,61,110
66,40,103,43
100,30,87,71
103,52,89,80
79,87,90,104
102,21,57,72
97,24,101,102
105,28,101,54
77,94,46,107
103,97,74,86
111,38,93,46
46,105,54,119
123,49,28,88
56,71,104,57
69,71,84,100
74,72,75,103
71,101,109,43
30,105,108,81
86,49,88,101
32,46,29,109
66,47,70,105
78,121,39,50
123,86,49,66
35,46,123,84
50,102,40,96
64,108,101,51
81,110,55,78
109,94,88,69
56,42,108,46
99,49,72,104
89,60,56,119
51,101,56,44
58,65,102,99
92,61,71,100
92,77,90,101
50,101,32,69
42,54,78,114
103,88,21,40
109,107,66,42
120,44,63,97
51,121,76,76
48,100,41,63
47,48,105,52
83,100,83,94
86,110,49,79
94,48,123,23
61,80,103,80
57,105,84,42
119,66,91,84
39,93,47,109
117,64,13,58
80,84,51,109
72,54,101,61
86,32,32,102
101,97,87,75
123,69,39,57
68,103,49,104
100,95,96,33
127,73,54,34
74,83,101,102
74,87,118,81
57,107,67,21
70,70,84,100
52,120,93,95
55,85,101,47
35,86,103,64
101,31,63,21
81,89,111,79
113,63,30,46
102,39,50,25
71,53,112,52
101,48,94,81
75,82,101,66
42,61,48,101
103,86,71,64
106,93,31,58
38,126,45,43
50,54,47,101
41,104,16,55
103,39,67,43
99,39,111,111
84,92,59,125
81,111,53,79
103,87,77,93
107,86,61,70
45,77,103,63
40,51,106,19
104,99,101,56
110,23,52,103
78,70,103,73
68,35,46,103
98,100,87,75
5,31,112,68
63,84,65,112
54,94,110,66
74,48,56,110
50,38,127,37
95,104,56,69
105,49,82,88
88,75,89,108
78,52,106,88
103,98,59,64
102,67,45,74
63,27,94,104
60,78,86,100
12,104,60,40
103,99,67,55
58,74,111,81
124,73,81,46
96,78,104,82
5,46,13,116
57,78,88,101
89,53,109,73
96,76,75,113
43,100,35,74
110,61,50,103
102,58,67,61
71,103,88,62
91,115,64,90
49,60,76,103
20,47,117,68
75,110,81,94
49,95,104,40
102,103,27,92
82,74,104,100
81,97,111,71
102,55,105,26
79,90,104,87
74,33,44,101
91,71,98,100
102,84,71,67
116,73,112,59
90,62,112,60
104,102,79,111
83,70,65,106
32,118,29,37
97,111,99,89
107,116,85,88
83,38,61,106
108,29,63,52
47,66,121,90
50,111,89,2
73,100,99,88
60,55,101,72
74,130,62,58
50,107,65,102
77,67,105,75
69,101,100,18
69,68,73,114
63,22,105,98
53,68,119,84
48,100,12,56
67,56,82,119
109,116,89,82
98,63,88,111
61,35,77,115
30,63,107,52
55,110,43,80
103,80,40,65
109,79,100,72
89,132,104,107
44,101,81,98
54,100,57,77
107,50,46,85
102,44,95,47
100,92,100,68
80,61,102,45
49,100,12,91
60,90,61,113
105,60,76,47
99,125,44,92
74,81,113,92
59,114,66,85
111,45,91,77
95,96,96,109
107,27,78,40
59,101,69,59
85,93,110,36
91,88,105,76
68,86,103,103
110,70,47,61
104,90,80,50
70,95,102,93
124,46,58,60
64,121,51,52
67,107,54,24
56,60,105,67
24,35,45,112
88,36,114,50
77,102,87,58
104,44,126,86
118,41,87,78
65,82,103,74
45,92,77,110
54,40,91,103
69,105,100,86
84,85,83,108
86,103,105,66
55,105,92,36
71,121,35,61
104,56,61,67
117,40,82,85
103,73,21,55
79,112,47,50
70,110,93,87
111,104,67,78
97,105,65,21
72,101,55,96
68,93,90,109
68,26,103,55
79,50,19,104
53,81,54,100
108,98,66,88
43,119,92,70
116,54,49,69
105,75,97,83
76,111,76,61
97,109,81,109
39,17,116,44
109,82,52,45
44,53,19,100
59,67,109,17
55,101,56,4
47,33,32,104
107,36,33,4
41,102,100,45
64,92,104,64
74,106,62,82
36,125,89,74
100,77,64,83
105,33,56,94
76,33,103,76
39,101,30,82
55,125,49,95
101,63,81,43
116,53,82,73
53,50,126,59
28,77,100,11
70,107,71,40
4,101,16,23
99,109,66,14
74,40,108,102
104,88,79,53
103,26,19,68
34,40,34,108
94,94,48,124
53,101,62,72
83,33,64,108
105,100,60,95
96,105,70,53
71,76,76,101
87,115,72,86
82,68,107,67
114,46,85,79
43,59,116,70
34,58,83,113
105,78,60,81
75,71,100,78
98,109,90,63
68,31,77,112
51,27,71,103
70,102,97,91
110,99,54,61
100,59,65,28
62,105,79,42
104,45,31,0
34,104,31,11
103,23,41,49
121,56,66,45
106,27,48,35
95,80,84,101
66,45,72,105
106,72,106,40
105,67,77,75
82,43,88,111
112,102,87,59
22,61,104,65
66,98,95,101
70,57,61,100
61,82,109,72
124,70,37,93
43,90,102,89
99,112,77,72
33,63,102,18
16,57,112,67
25,108,95,60
61,98,118,83
95,59,114,56
56,77,106,49
126,55,82,97
98,51,102,73
98,103,73,86
58,65,115,50
60,103,94,67
98,102,58,102
102,37,92,57
80,54,110,44
36,74,105,73
94,33,100,97
13,26,5,100
128,37,80,79
80,61,106,77
105,45,50,52
113,85,97,101
99,95,112,90
105,67,60,56
77,101,79,31
100,29,32,91
54,49,41,108
79,71,111,63
115,21,56,24
38,38,106,34
61,29,47,115
102,73,78,71
106,87,91,76
109,35,29,79
8,100,21,15
78,107,123,88
94,108,64,22
88,112,127,69
50,84,45,109
61,49,77,101
58,50,77,103
31,122,56,79
33,125,37,21
39,119,6,52
101,64,92,67
89,47,71,117
98,85,68,109
80,43,104,61
60,118,87,59
86,32,111,59
107,98,26,93
68,91,94,107
114,86,104,56
101,86,92,81
72,133,128,135
47,110,48,83
43,103,62,80
75,52,111,50
91,57,125,87
87,110,84,43
52,102,70,64
48,104,81,55
29,46,38,103
102,57,76,89
55,61,111,25
100,63,50,75
45,106,47,54
15,22,27,116
37,98,48,105
66,102,93,99
52,43,54,103
58,40,88,102
112,59,32,49
99,123,40,98
61,94,57,112
54,35,102,97
58,76,103,51
25,60,96,107
82,71,57,114
104,55,61,68
68,61,103,92
113,40,102,69
112,47,43,50
104,66,90,28
100,43,33,76
104,105,100,87
82,110,70,98
56,85,80,103
109,83,80,52
43,88,79,114
42,95,77,110
45,89,112,78
47,103,96,78
118,32,42,60
124,68,123,117
92,66,97,105
120,9,90,69
48,103,88,85
48,74,108,94
101,38,38,39
119,83,54,68
101,106,84,69
108,88,71,21
102,61,77,48
51,106,46,13
108,42,90,84
68,109,52,59
66,84,67,107
70,129,29,24
71,74,114,29
71,28,41,112
60,61,109,22
115,27,58,52
121,56,74,73
44,46,84,114
84,84,101,19
66,96,97,101
104,84,97,111
86,117,91,66
61,117,80,30
100,64,57,31
73,102,89,24
121,89,97,89
119,73,75,57
49,101,85,53
26,29,107,54
84,71,53,116
104,85,105,102
116,51,39,46
65,98,94,103
106,102,42,74
105,50,66,103
92,83,73,112
101,63,99,25
84,39,96,105
42,66,79,101
38,71,29,114
101,35,96,92
99,107,103,51
63,105,39,45
99,82,72,107
21,101,69,61
111,67,19,55
73,68,107,76
91,63,107,63
21,60,66,105
101,93,58,108
54,118,79,37
67,95,104,58
87,50,87,100
72,66,78,108
60,35,104,53
79,61,59,125
50,110,94,106
100,44,34,74
80,95,103,46
49,78,103,22
66,78,80,100
62,110,87,65
106,109,94,15
110,83,81,50
122,69,84,49
64,97,51,112
69,120,55,44
19,103,33,61
119,93,96,52
104,70,66,84
41,31,75,105
51,89,84,100
72,109,78,65
105,41,86,56
33,56,62,101
100,103,93,64
43,51,42,116
106,72,84,62
66,111,62,49
104,69,56,95
92,106,96,66
95,62,104,63
108,66,90,96
71,111,76,66
115,59,48,66
119,46,65,94
20,66,101,29
37,94,100,93
102,76,82,100
102,53,70,63
111,101,69,79
44,94,72,114
79,110,92,43
81,107,73,63
105,87,99,105
65,70,69,120
108,44,39,61
102,19,21,38
19,68,111,54
65,95,43,121
62,82,80,100
99,44,79,102
105,74,52,57
106,61,64,57
87,104,54,43
119,45,96,64
111,59,92,62
87,100,83,54
64,57,99,104
71,90,95,104
68,100,50,70
108,37,83,96
86,28,20,118
109,110,93,48
42,53,120,37
107,52,53,76
78,65,80,101
79,57,85,103
102,79,80,63
71,103,42,108
83,97,127,89
109,98,70,47
30,109,46,31
41,105,89,53
101,82,72,33
45,41,25,105
62,113,105,80
86,92,74,108
52,57,79,100
82,69,66,107
83,64,125,52
111,122,18,73
100,97,63,100
27,45,100,80
72,114,110,100
116,56,64,88
86,91,75,108
50,54,104,44
100,58,33,25
55,118,60,55
106,89,77,52
63,24,102,63
93,86,101,80
109,87,53,75
77,53,108,50
34,76,54,124
66,57,100,29
33,72,60,123
42,50,101,59
93,101,104,98
81,42,106,59
70,68,42,108
52,40,112,48
86,100,74,100
29,20,55,112
58,16,109,69
113,71,25,115
60,58,85,121
86,99,38,101
74,86,115,85
108,52,77,51
111,81,41,55
50,50,41,111
81,74,66,103
125,75,87,73
41,107,64,40
8,77,107,60
52,56,114,102
100,66,36,14
116,69,76,27
104,78,60,82
82,112,81,85
78,72,73,101
88,43,123,106
55,20,64,113
110,56,40,82
34,60,58,100
110,79,48,51
34,78,120,56
98,111,64,87
114,52,75,47
113,101,92,90
106,95,66,93
128,59,96,77
58,76,110,44
89,101,71,63
69,101,51,103
85,33,117,89
50,102,39,25
95,71,84,110
52,84,100,52
123,23,57,13
68,101,88,103
99,77,125,59
68,112,35,73
40,106,31,39
84,96,75,105
89,64,107,100
85,46,92,101
93,92,107,104
63,80,119,98
70,111,53,54
115,84,61,64
110,67,70,77
81,105,60,78
50,113,56,33
46,48,123,71
96,100,42,86
65,105,82,36
84,79,92,105
23,100,84,45
74,70,70,110
73,61,104,86
54,103,73,58
104,83,54,47
92,85,83,100
100,48,45,59
28,33,90,101
66,22,102,62
31,58,106,57
42,110,89,47
30,112,27,47
84,72,116,88
73,70,94,123
30,87,77,130
128,94,77,97
113,66,55,54
9,74,32,101
77,67,59,121
68,60,50,110
21,100,87,44
79,88,101,92
33,42,102,39
37,79,27,109
101,87,85,87
42,102,65,79
47,103,103,107
53,104,70,97
107,103,95,55
35,99,112,78
88,104,73,131
48,82,92,102
26,27,18,109
96,48,108,72
101,19,58,38
61,109,62,56
101,83,78,98
98,92,113,57
52,119,56,97
84,96,110,70
19,66,24,107
100,54,76,58
104,37,53,94
95,70,102,93
79,100,63,82
117,28,78,65
61,88,111,100
79,70,100,111
27,79,104,78
107,59,38,48
53,82,40,113
104,104,36,116
42,83,105,94
100,48,24,8
103,72,70,115
37,107,61,47
71,22,101,22
71,106,74,37
60,95,69,100
94,20,38,100
73,53,103,59
62,99,55,108
80,127,77,76
102,65,53,104
91,59,115,23
87,65,102,106
101,32,11,36
105,99,59,97
97,111,42,38
106,81,96,77
82,100,95,83
28,106,62,92
46,84,54,104
61,88,102,37
108,46,86,84
111,54,103,56
64,102,81,41
50,71,103,28
94,103,124,75
50,48,104,86
35,63,84,106
77,107,83,93
77,68,103,40
57,80,101,86
73,22,21,100
53,53,40,106
55,55,28,114
58,89,108,69
112,51,45,8
101,49,109,65
52,53,75,108
92,107,80,45
109,71,56,52
81,65,108,34
57,71,42,118
107,18,107,128
57,101,59,71
72,114,43,59
76,104,86,58
56,12,38,110
58,125,89,88
75,104,98,47
105,58,105,92
112,83,42,51
105,81,71,67
36,99,82,107
50,104,35,27
88,87,102,83
58,102,80,120
83,101,35,69
72,113,64,39
111,32,32,41
66,100,44,78
24,101,5,50
48,60,77,103
55,101,22,110
66,40,111,35
53,28,101,70
104,70,66,48
113,60,101,86
131,74,31,88
92,25,70,101
122,71,89,78
70,94,51,109
65,118,39,66
68,76,30,114
91,69,64,100
68,102,91,63
116,91,18,99
102,90,41,91
105,70,67,46
104,73,78,105
40,88,102,58
57,81,36,114
92,44,102,122
73,45,62,108
47,104,88,85
69,95,84,112
103,97,73,87
62,102,135,97
85,103,54,46
105,63,96,96
73,103,124,60
69,102,52,65
38,19,15,108
85,105,38,60
50,13,9,108
79,109,81,91
109,80,69,102
103,80,101,40
82,105,66,71
70,103,24,91
45,121,12,38
102,87,48,87
48,70,121,13
89,81,104,86
46,32,105,33
100,55,107,98
79,102,65,114
80,123,74,83
113,86,87,74
56,118,78,72
59,48,77,104
22,54,107,33
28,30,78,116
108,49,59,72
58,53,110,103
104,77,101,78
47,44,101,60
49,111,92,36
63,109,99,17
108,93,75,120
101,99,73,87
68,92,46,118
65,35,46,106
96,51,112,65
61,66,24,101
110,28,63,87
103,85,98,74
21,49,102,44
100,71,108,81
113,54,56,101
103,120,52,85
25,74,76,113
59,101,41,87
102,89,89,80
43,76,97,108
51,21,78,102
44,109,19,44
77,83,84,116
18,64,109,61
57,21,63,111
71,112,46,95
90,76,91,103
18,107,78,49
105,66,52,29
72,64,87,101
27,79,109,73
13,37,99,103
93,21,71,103
101,98,59,66
102,84,65,73
38,106,54,54
55,103,14,44
65,70,118,71
86,76,62,100
73,108,83,96
108,100,92,96
105,54,52,41
114,29,29,44
55,45,111,77
62,62,104,60
110,78,92,44
49,1,56,110
106,43,92,83
62,103,44,43
81,100,104,75
75,105,99,81
113,71,82,94
68,101,79,76
105,86,43,90
75,84,65,100
102,72,23,55
74,32,111,35
99,95,112,90
89,55,61,119
101,69,80,74
65,112,58,89
32,102,93,97
29,65,50,108
98,103,79,44
52,73,57,106
103,58,87,76
58,119,45,30
40,20,107,85
88,81,33,122
102,89,72,25
107,105,83,101
101,92,98,33
111,64,85,64
50,116,44,78
122,28,84,90
89,69,109,57
11,63,114,28
70,48,127,43
99,56,100,105
95,108,97,96
108,48,53,79
97,79,76,108
44,75,69,100
106,67,98,89
65,60,111,124
81,109,75,59
94,115,55,60
11,113,34,94
105,102,74,43
25,104,19,68
103,99,68,90
52,129,90,125
111,83,40,54
51,35,24,106
104,58,50,76
117,50,34,51
101,74,98,15
74,67,62,121
72,95,102,55
66,76,129,89
48,126,59,55
116,67,93,48
81,56,48,103
66,28,81,113
116,81,128,107
100,61,94,33
79,63,46,100
85,107,80,52
107,39,71,71
46,33,103,70
43,45,105,59
122,66,39,61
122,23,37,34
70,77,96,117
106,95,86,73
74,105,92,89
28,100,58,30
4,35,110,31
41,104,50,57
66,58,108,92
101,94,99,66
84,114,72,54
93,106,90,71
75,101,85,99
29,62,54,107
98,94,120,48
101,84,90,49
104,46,104,70
75,111,97,77
49,9,53,105
55,120,51,62
90,83,103,48
99,118,42,65
93,82,111,74
44,130,88,62
111,79,73,97
41,38,105,68
101,48,81,58
108,53,49,78
113,82,40,53
37,27,86,102
103,65,72,48
58,90,65,111
78,67,106,73
96,112,67,85
46,111,66,65
88,57,112,31
95,39,100,90
103,82,88,87
78,55,100,55
89,23,120,56
102,52,92,78
97,61,101,65
59,97,61,107
113,39,48,16
49,90,64,121
64,103,53,32
98,110,83,105
87,112,75,86
50,83,109,82
42,54,111,45
65,96,61,102
102,52,107,99
112,95,36,45
20,77,118,73
107,34,53,22
76,29,40,107
29,86,83,126
78,90,104,52
101,44,56,51
22,109,53,32
31,69,107,45
101,83,75,65
103,61,91,33
83,100,41,28
95,96,96,109
32,72,68,116
88,92,73,107
34,119,48,51
111,53,72,52
107,102,55,60
80,117,55,72
43,126,64,91
43,31,102,40
101,56,80,15
112,39,43,22
103,24,11,42
63,66,56,103
106,47,35,64
59,100,72,93
91,83,104,46
78,103,27,80
32,129,47,44
66,42,100,80
102,62,92,104
76,93,114,41
48,66,110,64
66,108,63,51
98,96,103,63
81,108,91,80
39,93,44,112
51,101,34,30
29,31,34,122
39,109,42,62
65,82,102,75
64,48,104,36
87,108,43,86
55,43,111,79
130,75,96,95
89,64,108,27
119,69,74,98
67,78,100,79
66,94,96,104
25,110,83,70
111,97,92,96
35,55,51,111
58,116,61,53
58,83,117,30
16,101,84,15
88,101,45,90
54,62,106,102
62,79,114,69
68,106,48,30
50,91,47,100
115,55,60,58
88,93,66,113
18,102,34,62
51,100,81,56
83,67,112,98
92,45,68,119
101,90,71,98
62,66,93,103
60,64,106,58
93,91,130,46
25,104,100,59
101,93,69,97
46,70,107,29
70,60,108,86
85,122,109,116
58,101,59,34
92,70,90,108
72,82,75,131
31,13,62,110
96,104,55,69
35,110,23,84
100,100,94,66
83,102,100,75
132,94,75,23
54,79,52,103
87,108,47,46
62,104,18,68
81,46,126,71
100,82,84,58
69,25,104,18
82,102,47,93
110,74,65,75
108,76,92,84
27,22,101,30
120,22,21,17
56,37,34,125
101,104,101,90
57,76,32,123
113,41,73,25
74,100,90,96
103,97,51,73
75,100,76,109
41,51,108,52
117,95,57,91
90,101,68,65
36,97,111,44
58,97,66,103
61,107,70,50
51,123,32,82
48,67,68,105
100,59,58,71
95,97,116,52
32,104,54,62
107,56,50,39
71,103,91,95
88,100,21,115
79,88,87,106
64,46,103,75
63,104,93,100
101,95,98,102
100,90,76,94
36,105,109,38
10,47,103,20
69,109,92,54
73,89,91,107
88,43,113,80
62,103,26,61
33,105,71,43
55,68,64,101
81,79,100,100
91,54,117,98
110,77,73,64
111,54,64,95
106,69,99,86
81,50,55,102
53,28,61,110
39,74,58,117
126,58,96,116
46,71,108,63
26,62,106,94
44,24,80,104
43,57,16,100
92,105,62,65
90,40,101,57
88,50,105,81
93,59,119,17
58,103,55,72
107,66,30,13
42,92,46,108
22,90,106,70
74,27,100,51
17,57,62,116
48,114,86,76
51,32,103,30
118,113,67,98
38,33,42,103
61,101,78,48
111,32,42,67
62,102,91,105
113,56,76,79
106,71,62,49
105,63,26,22
48,107,83,50
77,88,112,83
27,103,26,24
103,73,61,87
36,104,64,48
95,89,117,95
90,100,85,85
56,29,103,64
29,63,108,52
102,70,79,37
104,56,102,98
61,85,40,102
49,114,47,78
109,69,65,45
72,51,102,63
60,77,49,102
89,52,80,103
72,101,64,51
66,65,88,105
116,49,84,39
81,100,19,88
75,104,80,65
26,102,92,68
41,36,120,91
34,111,25,46
101,82,99,78
87,69,48,120
55,102,96,71
92,47,108,77
86,60,29,113
39,75,70,104
101,39,48,64
40,67,45,100
73,108,56,87
41,48,116,83
98,100,47,79
62,59,53,114
55,52,32,113
56,71,60,101
71,80,112,61
44,27,81,100
76,104,121,95
59,55,105,33
24,81,74,109
50,65,56,117
75,75,102,36
104,61,67,92
34,30,38,114
81,106,90,47
15,66,28,107
23,70,95,100
103,72,34,43
67,94,52,111
102,101,106,87
101,114,68,77
52,59,101,40
47,66,103,36
50,104,55,7
71,100,54,63
29,30,47,110
45,68,123,52
108,110,78,28
113,60,57,58
104,59,100,97
102,79,104,111
51,102,48,87
42,45,101,64
28,52,106,102
111,20,46,39
75,105,6,30
42,92,114,40
79,118,94,33
18,107,51,76
70,97,79,114
92,49,101,82
83,81,108,88
22,84,65,117
103,88,38,59
106,34,24,88
70,109,53,92
65,73,114,36
102,72,43,35
71,104,77,72
47,98,72,107
103,37,41,71
53,19,76,104
117,32,49,54
105,65,63,55
75,104,94,87
19,18,114,65
104,41,51,56
88,99,120,53
110,37,29,40
101,93,56,74
87,75,104,94
38,67,104,115
106,98,65,91
91,53,35,109
108,30,64,86
92,77,108,83
15,28,107,30
73,108,69,74
27,113,83,65
49,61,112,30
75,109,119,57
103,80,44,97
108,53,107,92
72,92,85,111
42,52,74,120
107,55,85,113
98,43,103,80
36,38,38,104
100,56,76,56
112,74,83,55
13,106,34,63
106,47,106,65
113,13,73,53
103,79,72,70
13,108,53,42
71,82,113,94
74,104,91,91
101,84,75,100
34,101,90,27
101,82,90,87
68,21,125,74
83,120,69,52
87,87,80,106
57,58,107,66
61,40,103,12
115,29,73,71
39,100,70,43
122,49,41,76
64,115,90,55
105,48,58,41
62,61,65,100
41,76,91,116
85,114,101,60
62,103,39,84
83,101,62,78
48,100,83,93
82,86,106,86
105,78,100,41
95,115,65,85
85,82,101,56
38,113,51,86
94,115,17,98
104,103,42,75
88,83,84,105
87,33,134,106
122,34,70,98
113,48,101,62
109,58,75,82
55,113,81,75
81,56,49,102
101,19,38,58
44,44,64,100
42,101,70,75
50,100,78,60
109,54,115,46
70,95,105,90
56,105,31,24
86,99,105,70
101,93,36,94
80,92,103,49
115,32,26,43
105,81,51,51
67,69,116,36
73,64,83,104
48,119,24,25
76,79,67,102
104,98,101,57
63,102,87,72
75,110,47,20
102,63,72,15
109,98,61,92
90,109,47,78
89,73,60,102
106,45,34,67
17,45,27,127
111,89,100,60
62,102,38,14
43,108,65,72
59,110,51,68
104,59,85,40
90,77,108,85
70,69,98,123
67,74,104,79
115,101,63,45
46,108,41,57
22,72,100,58
108,86,89,77
102,23,102,61
58,101,79,86
91,65,95,109
54,58,116,96
62,108,37,81
94,79,72,115
107,49,68,64
89,123,96,88
71,102,74,77
61,90,33,104
107,83,96,74
118,33,45,56
55,58,105,70
120,61,72,71
36,38,104,110
88,127,59,86
82,26,103,5
115,70,59,80
97,45,123,95
31,55,108,22
82,23,69,114
76,73,102,73
25,36,38,117
101,92,75,92
97,79,81,103
54,66,97,107
53,61,128,82
38,34,36,108
99,55,62,108
64,102,106,88
106,35,71,40
22,62,88,116
104,107,95,90
100,64,85,75
97,106,78,79
115,80,73,92
97,76,127,96
100,95,64,101
103,61,76,84
102,51,66,33
100,20,63,33
64,57,67,100
100,40,97,87
101,50,58,43
49,83,87,105
63,90,67,104
102,103,33,50
83,32,32,105
41,83,115,85
100,64,24,100
49,108,76,91
49,84,45,110
93,119,105,79
77,112,93,78
87,103,51,83
80,98,76,106
39,109,90,86
75,81,62,106
114,92,66,88
60,109,71,84
57,105,20,70
131,92,89,48
84,112,80,48
61,93,61,109
102,82,89,87
44,116,64,64
72,45,64,107
95,107,89,69
63,103,9,41
46,70,59,113
58,121,73,72
98,20,100,70
59,75,82,108
55,105,96,68
69,51,97,107
71,70,103,44
103,107,82,32
78,57,115,38
75,105,68,76
104,66,73,81
23,114,82,69
22,21,32,105
56,67,56,109
74,107,62,81
35,103,33,117
102,33,21,60
21,111,41,43
104,51,74,23
91,90,102,41
118,48,61,25
107,74,55,52
69,55,62,102
81,33,71,103
14,37,13,116
88,94,71,107
63,100,44,45
84,53,105,82
113,78,66,67
107,92,72,89
35,132,97,96
82,106,94,42
65,101,90,104
82,81,97,100
68,66,106,84
92,116,75,77
62,16,35,103
68,94,87,111
51,100,81,56
68,75,81,100
24,117,82,101
61,61,105,97
9,53,104,86
67,100,88,69
105,11,114,58
69,81,72,102
31,51,100,34
85,103,103,69
86,42,101,59
83,32,106,103
71,102,45,70
58,104,69,93
42,64,76,106
62,84,71,107
79,23,40,110
49,111,21,35
106,86,87,81
78,28,111,71
45,32,72,103
66,109,27,50
108,65,41,110
102,49,65,108
40,47,57,108
57,58,109,64
82,77,18,111
109,48,67,64
86,108,99,103
100,107,71,82
56,21,102,73
19,101,73,59
127,121,69,115
46,14,106,50
52,101,52,83
13,40,27,100
51,75,105,93
105,102,89,100
102,80,77,65
56,66,108,22
67,54,103,28
73,119,66,30
93,52,66,113
49,63,18,122
61,123,77,99
87,57,128,88
102,78,106,74
97,64,79,120
108,28,59,57
103,56,45,12
76,108,38,30
92,59,104,69
77,57,82,108
82,106,52,84
97,103,85,75
115,44,83,82
67,59,108,90
60,31,53,108
12,41,96,103
77,47,63,101
104,93,91,36
68,88,59,109
76,69,103,76
106,65,101,52
42,112,54,44
48,18,85,101
108,60,52,68
87,19,80,102
40,67,42,103
69,78,104,73
73,79,64,108
108,102,66,48
127,53,63,81
15,106,111,56
89,40,92,103
107,108,61,84
94,65,84,117
102,53,53,44
41,78,108,61
65,80,78,101
100,81,77,66
51,101,54,82
93,94,98,111
114,60,37,41
66,108,74,40
27,37,119,33
116,42,59,35
84,60,109,107
33,111,29,43
16,38,104,94
7,49,101,95
44,76,52,116
38,100,47,31
90,46,119,33
17,105,11,47
105,59,72,52
68,101,56,99
88,36,57,107
61,88,105,106
27,103,41,81
36,93,114,45
18,21,31,110
68,61,23,100
103,31,71,47
105,58,89,72
69,111,43,65
74,108,93,85
100,79,49,60
106,51,76,55
61,63,87,113
105,80,100,75
107,67,82,32
59,101,28,64
60,104,45,79
106,71,89,58
45,49,111,47
108,80,91,81
52,19,75,106
39,25,105,47
73,97,82,108
27,102,77,82
101,91,92,112
84,82,109,49
83,58,79,104
82,121,56,29
106,55,70,93
45,70,83,126
98,98,100,64
63,110,82,69
40,108,62,78
104,69,86,65
30,102,42,78
109,99,100,88
76,83,81,120
36,88,97,103
106,72,96,86
17,112,93,102
66,80,114,64
103,97,98,62
80,102,82,96
107,83,89,45
93,110,77,44
94,101,61,68
107,73,103,41
65,57,116,86
73,59,110,82
39,102,42,33
117,86,78,43
43,75,129,113
75,100,59,54
99,44,101,44
49,93,81,101
41,81,112,54
84,94,100,46
78,105,47,94
105,59,99,97
64,105,122,69
88,108,80,48
107,95,77,81
56,51,117,100
82,94,84,100
89,103,39,57
48,64,109,31
72,77,107,68
75,99,103,47
8,20,117,35
68,104,51,29
60,52,123,53
39,102,20,55
82,69,61,112
75,77,63,109
78,104,66,76
26,23,87,116
88,101,67,68
102,69,70,83
69,88,91,112
119,71,104,66
21,73,101,57
54,71,13,114
85,111,37,91
12,52,40,112
106,100,91,99
89,121,97,89
48,82,100,58
103,97,59,29
40,48,59,105
106,65,96,93
75,122,68,23
103,95,53,73
73,95,107,85
78,56,86,104
75,51,80,118
99,51,109,65
77,104,14,93
95,119,46,64
82,105,84,53
95,61,61,107
78,75,62,109
96,94,66,104
108,32,84,64
57,109,58,28
69,104,38,77
102,98,78,82
92,46,101,49
116,51,117,76
57,105,70,92
20,71,111,50
81,100,134,81
76,63,110,39
108,86,36,58
73,102,79,70
108,40,89,87
103,61,83,77
100,93,42,53
89,69,63,103
103,105,67,49
97,98,90,111
78,31,114,29
62,17,103,34
50,88,102,84
105,76,85,58
48,55,105,44
107,103,102,84
77,86,84,113
114,80,67,27
53,111,72,88
88,117,85,70
59,98,86,117
11,53,114,74
107,72,54,55
110,59,86,69
101,108,95,92
92,100,52,44
37,38,108,33
80,62,82,100
93,101,122,80
84,82,16,106
108,100,89,99
82,52,103,51
77,83,64,100
32,43,66,111
34,94,55,105
104,44,23,9
73,100,73,42
59,109,86,106
118,50,32,52
99,101,73,87
75,105,41,103
96,23,130,75
30,48,31,107
82,87,38,117
60,63,108,21
50,86,101,87
111,77,69,103
83,10,106,53
64,104,84,36
104,33,95,56
66,27,57,102
98,72,106,84
44,71,107,66
91,70,98,101
106,19,45,10
88,68,26,106
52,115,87,70
36,117,54,45
63,102,37,50
112,50,92,70
41,109,72,102
64,97,78,121
103,24,3,14
66,26,104,20
73,24,90,101
109,52,71,56
106,63,34,85
56,5,114,41
100,74,47,67
103,82,65,74
35,41,123,89
81,113,97,105
65,53,54,116
121,99,75,29
45,84,33,126
103,33,21,95
37,92,74,121
42,78,108,96
102,57,84,45
54,41,84,109
82,108,100,70
112,96,52,100
36,110,60,82
63,102,77,82
27,84,74,103
92,44,82,106
102,77,101,44
108,67,59,90
109,100,69,82
54,63,101,106
66,73,101,84
110,103,94,53
92,101,42,89
48,73,59,108
71,57,79,117
71,86,67,100
85,39,109,55
65,83,39,101
48,89,108,43
56,102,64,66
103,107,90,96
36,93,95,100
104,56,68,96
60,40,105,83
78,100,53,93
86,42,18,106
101,50,45,92
29,53,32,102
61,123,88,52
29,91,51,117
43,113,64,68
58,85,117,64
37,38,24,117
99,62,58,105
46,73,120,85
105,94,109,52
71,44,20,117
41,100,70,77
120,91,88,61
38,91,95,100
100,96,64,100
61,89,115,95
107,98,60,59
106,37,70,75
68,122,50,84
67,54,29,102
48,111,45,48
90,83,108,79
81,79,16,112
106,96,55,67
74,47,115,52
94,108,56,66
101,96,83,44
79,106,89,50
63,100,31,94
118,98,72,72
108,95,64,57
67,86,60,111
54,25,67,106
82,103,114,97
103,16,68,101
92,67,61,104
30,102,71,13
60,101,53,38
74,96,104,86
100,90,80,54
105,78,70,71
88,112,63,61
85,40,108,91
63,98,96,103
103,55,32,26
72,82,103,67
105,112,19,88
53,106,30,99
57,108,109,86
108,84,90,42
41,110,94,79
122,21,48,61
85,103,93,43
82,85,82,111
49,106,73,60
37,18,105,56
31,115,45,61
51,66,96,111
91,42,104,51
52,66,17,117
83,110,46,85
97,55,68,104
73,45,105,65
60,58,69,101
91,105,41,87
37,52,111,52
104,100,94,62
48,106,48,50
115,67,111,67
53,19,31,113
67,98,102,57
70,64,102,52
44,89,111,44
110,43,66,69
58,96,104,66
105,33,101,49
62,12,105,37
95,71,92,102
98,111,50,65
57,108,72,15
45,110,76,21
114,71,45,58
103,99,111,47
109,55,49,75
120,94,47,63
83,43,102,60
49,102,71,102
75,58,52,103
100,93,38,57
101,88,60,111
81,100,93,50
59,101,39,53
85,41,107,91
68,119,56,45
103,64,46,75
108,90,97,65
100,79,39,106
92,77,102,89
28,118,37,33
88,85,112,75
28,60,112,52
105,23,57,31
109,42,28,37
83,58,101,46
59,114,100,87
56,69,113,86
45,75,105,27
100,80,82,26
54,76,109,49
62,85,39,102
52,61,101,2
122,44,122,108
72,94,82,112
89,105,58,72
30,101,41,44
30,77,68,113
116,16,82,74
65,103,97,95
100,82,105,37
69,94,24,101
73,18,96,101
104,67,83,70
83,49,48,108
48,70,102,68
119,86,71,84
38,113,14,51
109,25,29,53
54,68,101,29
110,93,75,46
79,113,81,87
31,101,70,86
69,31,111,77
96,54,59,115
101,59,77,51
56,76,106,50
79,106,41,26
67,103,50,68
132,54,92,118
68,115,47,22
102,30,100,92
64,45,38,105
72,53,110,53
37,64,82,105
119,88,66,87
81,57,79,107
96,101,95,68
15,112,45,44
73,21,112,82
70,116,36,30
101,53,27,35
96,62,103,99
60,118,84,98
66,91,64,103
38,62,112,112
61,107,94,26
110,34,66,78
47,76,106,23
65,44,103,40
76,84,110,90
97,100,43,84
9,101,43,27
61,67,102,58
106,97,58,99
104,108,41,71
79,107,34,68
72,118,81,89
34,82,93,115
69,50,67,102
81,43,106,58
102,94,95,33
41,14,46,115
48,8,102,22
60,57,71,100
88,92,44,100
103,48,57,44
58,104,61,65
44,64,44,100
40,36,29,111
69,113,61,81
107,32,10,31
66,43,105,110
96,83,118,63
32,83,72,101
89,20,105,38
45,101,103,75
83,111,78,88
25,12,106,37
30,57,67,134
102,67,104,87
26,97,111,54
100,18,26,108
28,104,59,25
59,107,89,33
102,20,44,50
55,24,65,108
46,87,115,76
73,45,111,23
44,118,80,46
86,65,104,69
99,122,36,31
126,69,115,50
104,58,79,11
36,101,41,74
56,105,32,59
105,41,55,51
24,110,24,22
77,104,98,81
115,90,70,49
14,121,51,66
73,16,113,86
32,71,104,45
49,116,15,72
75,93,35,121
26,81,108,73
106,100,85,69
81,65,114,100
72,86,65,101
77,81,58,108
85,105,83,51
69,59,103,93
107,57,78,46
47,16,51,102
52,73,77,122
70,101,24,57
93,101,53,77
100,44,92,52
94,65,111,54
77,119,42,50
94,67,97,102
118,72,73,97
104,55,24,33
105,114,92,85
32,59,112,49
78,85,54,107
82,52,82,108
49,65,34,104
38,93,93,100
25,114,43,106
113,87,83,113
124,98,56,46
117,55,93,95
71,102,52,63
81,106,65,72
32,73,119,100
35,70,102,45
104,88,98,70
120,71,75,94
66,44,121,21
97,130,50,83
67,106,24,19
48,70,109,61
72,119,102,67
82,118,95,101
38,107,65,42
60,112,42,74
71,47,55,115
101,27,82,42
49,107,104,64
110,53,48,77
64,82,105,73
61,105,36,50
71,35,100,82
30,72,48,102
104,55,82,11
82,105,42,59
107,78,127,84
120,90,74,76
68,23,96,101
57,104,69,58
88,50,49,101
98,109,83,70
68,64,102,54
109,68,38,73
71,84,84,121
108,44,63,73
83,101,70,34
101,21,4,18
55,54,100,79
83,54,117,34
68,78,33,109
72,94,82,112
82,34,114,58
72,62,90,100
58,29,89,112
77,90,105,88
54,106,79,85
76,86,97,101
67,103,80,38
102,46,103,73
103,31,31,15
123,76,54,71
100,16,12,16
35,99,42,112
71,10,102,33
98,104,90,32
113,70,59,82
103,87,91,79
28,9,102,41
36,57,103,56
65,103,52,68
65,91,109,59
103,81,84,56
102,64,76,82
82,113,49,80
57,76,77,114
52,104,121,119
81,36,29,106
64,106,101,89
48,47,106,15
64,112,99,13
88,57,37,106
32,68,112,76
113,60,102,49
32,66,49,105
66,42,113,67
33,102,101,88
27,54,111,24
85,91,104,116
61,91,98,110
90,81,106,47
111,87,97,101
114,85,66,59
69,95,102,94
66,85,114,95
96,107,94,63
111,35,51,19
83,3,57,109
79,105,48,56
62,38,100,88
117,57,91,95
85,111,95,69
73,102,73,40
55,89,101,43
124,55,64,81
112,80,87,81
101,64,88,71
79,42,65,102
117,56,56,95
38,104,90,56
31,106,79,36
108,101,99,88
100,100,80,80
35,63,90,100
93,102,96,69
76,77,35,100
33,119,24,40
80,76,112,56
55,28,89,116
88,75,106,55
101,94,44,85
77,110,51,86
43,62,75,108
81,57,92,130
93,94,117,92
114,38,12,52
92,103,70,59
45,83,93,103
108,37,55,88
115,39,47,51
41,69,127,87
62,103,62,97
64,72,86,102
56,38,94,100
35,80,113,60
98,44,108,38
110,75,37,66
100,51,89,48
41,77,100,34
70,42,76,100
62,51,100,39
71,40,105,72
52,101,40,59
104,61,78,45
100,34,27,19
44,110,86,12
115,32,32,73
110,105,63,82
92,112,81,111
19,31,43,123
118,75,86,45
4,120,78,86
101,19,43,89
101,103,58,98
91,100,54,79
68,38,113,33
104,35,72,77
50,64,124,50
58,50,66,114
17,46,80,109
29,103,46,38
113,74,72,65
102,60,81,81
70,42,109,67
58,102,39,53
83,77,99,101
88,107,42,87
102,97,99,134
70,101,89,100
60,104,49,75
35,102,65,50
83,97,102,114
117,67,65,111
30,107,73,78
123,91,61,49
91,105,98,102
82,72,119,51
47,113,36,92
54,39,78,117
101,111,88,96
52,55,58,123
69,52,94,109
93,45,74,112
48,110,73,57
109,77,77,97
121,75,81,83
98,122,81,95
53,41,56,102
74,123,66,97
45,63,37,107
70,110,80,64
47,43,100,62
94,96,89,117
33,89,107,59
100,85,98,77
60,107,53,68
31,112,53,92
25,88,64,111
70,29,7,110
112,46,77,53
85,90,103,10
124,44,22,26
28,55,102,67
110,81,109,60
18,110,76,48
73,82,24,109
71,103,63,87
45,52,120,71
134,102,79,117
85,107,53,115
102,91,60,107
33,110,68,5
63,101,41,83
108,67,88,61
38,82,68,100
71,104,49,28
104,87,75,58
76,103,60,49
106,51,69,98
54,86,78,106
28,103,92,29
76,35,73,104
99,42,31,116
104,76,82,98
72,56,81,115
83,102,65,110
68,63,104,53
42,100,61,85
73,105,53,93
111,115,121,85
107,120,106,63
106,97,39,46
32,57,55,108
45,32,31,108
95,100,33,96
34,91,49,114
78,70,76,100
105,68,92,95
106,21,65,60
108,107,44,65
64,75,66,119
103,105,90,98
45,81,96,102
91,107,67,23
27,117,29,43
62,60,88,114
100,84,65,111
89,113,37,85
94,92,122,88
42,109,62,75
101,40,81,66
93,80,108,43
83,26,73,106
59,95,58,112
56,62,107,99
65,45,64,114
105,77,99,79
46,15,86,105
78,59,110,41
65,90,48,121
84,100,73,31
42,47,45,118
112,105,62,81
110,120,122,44
21,105,66,24
122,97,95,82
60,77,100,51
87,120,98,91
100,47,79,134
75,122,57,70
105,95,110,50
117,71,73,27
72,80,95,113
102,79,16,127
96,71,109,84
108,69,62,49
45,51,103,89
23,105,94,30
37,88,104,59
50,36,118,84
39,63,84,102
113,84,93,70
101,76,85,98
103,66,85,106
47,85,117,39
36,86,61,105
52,65,109,62
83,69,100,36
75,100,77,72
132,115,68,45
52,128,21,51
81,62,122,131
108,85,27,104
88,104,87,81
107,50,84,83
45,115,62,30
66,79,109,70
75,50,84,115
86,83,78,113
24,54,86,124
96,78,120,66
63,105,45,75
32,102,53,101
40,50,106,92
81,27,77,103
26,51,113,98
83,110,80,87
68,61,105,54
100,52,40,60
81,81,112,50
98,104,63,95
79,77,105,99
77,28,101,82
103,82,80,95
18,101,53,44
21,4,100,19
17,69,60,106
36,111,80,61
112,78,86,12
109,65,80,34
52,96,68,108
70,39,121,94
39,44,68,101
39,91,55,103
100,66,93,65
112,60,20,96
86,101,94,79
104,60,71,89
74,86,96,104
58,66,63,101
23,83,64,118
61,96,103,64
95,103,71,91
85,103,91,81
53,100,48,87
76,106,69,73
61,49,105,37
74,104,106,76
48,109,18,41
84,103,41,60
76,65,109,38
67,98,107,52
71,111,95,83
47,120,90,103
108,75,41,64
70,82,109,99
38,40,87,123
65,79,115,65
88,70,65,101
61,104,39,48
58,84,80,102
94,85,68,113
34,107,40,35
51,48,46,107
115,63,93,89
79,75,67,103
86,110,77,87
89,97,112,98
100,90,40,58
59,88,96,117
93,78,126,99
99,54,63,108
58,98,100,68
47,76,63,102
81,109,68,102
85,90,109,76
32,102,23,59
104,73,78,69
48,85,105,86
117,20,63,52
66,81,116,61
72,69,112,71
102,64,107,87
60,78,86,100
39,69,103,41
96,65,103,96
58,29,42,123
115,45,60,68
52,56,104,76
70,23,108,87
111,71,65,41
87,78,100,59
46,94,102,82
104,91,69,24
55,97,117,127
112,75,66,71
118,69,67,70
66,43,34,109
103,92,34,59
101,109,77,73
116,62,63,83
28,100,99,97
93,63,76,128
74,56,46,112
72,102,54,24
54,61,105,68
119,100,48,93
86,17,83,102
51,47,103,51
65,130,113,88
56,121,56,91
120,73,91,76
79,103,61,45
105,98,99,94
102,65,58,99
129,40,38,81
62,30,100,60
64,49,70,105
67,69,101,87
108,81,44,55
66,59,42,121
104,105,36,43
104,39,99,46
69,105,62,88
63,78,71,112
91,65,123,81
111,59,32,86
61,113,53,61
72,64,101,51
26,30,100,60
79,44,102,27
122,90,75,37
30,113,48,61
88,106,62,68
97,99,64,100
17,107,60,32
101,17,87,83
98,69,105,52
119,93,13,63
55,51,129,53
105,59,24,100
99,77,119,65
86,111,34,93
113,70,96,45
42,64,80,102
70,64,110,80
100,67,86,71
77,102,98,47
39,19,21,101
48,54,106,80
105,67,68,84
107,77,39,65
78,76,67,103
76,28,82,102
67,72,120,101
118,78,96,32
5,48,101,98
97,92,97,110
36,47,128,77
67,98,102,57
108,86,55,39
69,48,106,65
66,54,53,115
47,83,104,90
42,21,102,51
90,108,92,70
75,102,81,30
79,114,44,87
63,82,79,100
110,62,44,72
30,103,55,28
87,100,62,75
100,83,75,102
100,50,37,29
20,33,63,100
34,62,103,89
75,117,55,77
32,83,107,66
26,73,101,52
66,117,53,52
78,68,41,101
109,76,55,84
29,80,102,77
81,92,103,48
95,113,54,62
111,64,69,80
73,103,52,96
61,114,80,69
76,124,86,74
34,42,115,61
52,103,59,74
68,98,79,115
100,67,77,80
74,103,78,69
59,102,55,72
71,103,89,97
44,60,128,56
103,76,71,110
83,105,41,23
97,100,59,104
95,84,43,102
64,94,98,104
101,85,58,44
38,31,39,108
65,110,91,58
108,62,76,78
55,44,103,86
53,2,50,111
123,100,56,81
100,60,26,66
34,21,18,107
59,77,81,107
108,100,76,40
110,73,93,84
57,103,82,46
20,109,69,90
87,62,75,100
52,102,42,56
71,113,63,41
37,106,83,62
23,97,107,133
79,38,111,60
104,90,63,67
113,67,87,57
74,76,96,114
93,103,44,48
72,101,87,100
78,94,101,87
102,72,77,73
48,57,101,46
103,53,121,47
52,43,91,102
77,71,109,67
86,107,70,25
104,48,58,42
37,40,106,33
97,110,89,100
104,59,60,65
64,100,102,94
116,92,98,54
80,119,44,9
57,78,115,38
53,76,58,101
23,106,102,57
63,71,83,107
114,81,71,58
20,120,78,70
60,68,55,105
92,118,66,84
113,75,91,45
42,34,112,64
53,82,89,100
104,104,64,52
34,107,39,72
66,113,75,34
82,58,101,47
94,104,100,98
98,107,71,84
3,98,73,114
39,75,36,102
100,74,78,72
75,117,52,44
65,128,77,90
84,78,57,105
104,46,75,63
87,119,77,77
33,110,83,62
100,56,69,27
66,37,68,117
37,107,107,73
66,109,56,21
65,106,94,59
32,41,72,107
28,124,42,22
49,127,107,77
85,102,52,85
53,85,67,119
118,53,82,35
107,66,22,57
90,80,100,90
76,69,97,118
45,56,87,100
41,22,47,106
106,13,39,58
73,67,106,78
40,61,114,37
83,52,84,105
112,51,86,75
107,87,70,96
105,60,88,71
117,65,88,90
109,31,53,95
51,62,61,114
104,68,83,33
101,76,84,63
96,52,103,73
34,106,41,107
81,111,98,70
23,88,71,106
68,107,42,35
97,61,26,104
75,15,117,9
100,90,94,76
112,92,49,71
89,115,90,66
62,119,45,26
35,100,75,78
100,47,61,80
101,77,94,52
100,112,90,94
102,50,43,93
109,92,89,106
102,45,58,83
83,82,81,114
105,74,74,35
48,74,66,100
87,76,104,57
100,52,47,17
64,56,64,104
106,63,82,73
92,74,53,105
101,62,101,60
40,54,109,49
69,86,103,102
26,126,87,49
80,73,106,101
54,61,67,106
36,120,72,60
104,98,96,62
81,56,114,37
101,67,91,65
64,75,47,102
96,103,14,111
56,59,108,101
59,66,63,100
100,93,98,69
92,101,64,67
96,31,50,111
88,22,102,40
99,96,97,104
89,100,87,84
41,15,51,109
57,31,97,103
96,100,74,54
110,16,47,79
55,67,106,60
100,76,114,34
73,49,64,102
79,47,103,95
113,54,41,80
104,76,88,92
67,92,43,122
42,123,52,71
42,59,105,46
89,81,88,102
53,102,87,46
65,41,41,105
61,79,104,80
62,100,105,93
89,102,77,56
63,29,103,57
57,100,33,98
91,74,109,14
58,66,80,120
87,108,50,43
70,63,82,109
41,79,62,106
104,66,75,43
52,125,64,83
35,27,39,115
50,83,100,91
101,94,15,78
61,91,88,120
87,43,100,58
77,100,90,93
60,47,59,122
90,38,57,103
52,35,107,94
99,112,75,74
38,108,57,13
51,21,108,36
61,100,70,21
107,10,69,30
34,101,23,22
117,73,52,46
108,75,118,95
59,54,57,118
103,63,28,94
5,26,46,103
33,38,115,30
48,101,71,68
14,64,114,60
35,64,81,108
101,61,90,36
53,95,40,100
110,98,50,30
84,101,80,95
111,55,68,54
84,68,96,112
59,70,100,95
54,103,7,88
63,102,77,82
84,42,115,83
100,40,47,29
70,42,104,72
72,97,88,103
95,91,107,67
52,111,54,71
75,61,104,48
82,73,21,112
72,62,83,107
72,36,124,56
103,67,58,24
100,86,74,64
111,93,71,49
65,103,36,84
83,100,106,107
80,105,58,117
107,63,53,65
63,61,53,111
47,69,63,109
66,71,102,49
73,108,94,85
100,105,98,57
22,64,28,102
101,42,41,32
125,93,101,77
83,128,52,97
104,63,98,59
56,106,34,92
94,112,96,94
40,80,119,85
104,61,90,33
105,48,72,63
20,54,42,100
111,80,81,88
63,64,103,58
104,87,40,93
105,26,75,82
104,75,81,64
40,114,63,71
88,106,83,47
82,86,117,39
113,93,65,89
54,74,82,114
107,58,34,17
81,58,109,76
17,50,103,46
79,80,108,93
31,112,33,40
75,46,102,29
92,81,49,102
61,61,56,110
102,49,15,14
113,88,91,68
51,51,121,29
68,103,43,74
53,50,129,92
76,107,82,95
87,102,37,62
109,37,44,62
100,76,115,105
33,105,35,43
110,51,72,55
67,97,52,108
65,102,110,47
64,102,32,90
83,62,104,75
40,22,106,48
35,46,24,111
51,77,93,103
81,71,35,101
70,24,105,89
66,78,115,29
98,112,75,39
92,101,105,62
42,112,89,9
119,96,49,60
95,56,100,37
41,110,69,68
78,93,111,78
72,86,98,104
89,110,131,66
71,112,55,50
109,73,39,103
79,110,36,99
102,73,75,74
107,105,90,58
35,103,77,73
90,94,85,127
95,62,59,108
110,31,50,25
68,112,61,83
83,96,103,78
58,108,55,31
98,111,92,95
101,48,63,40
106,65,86,103
62,84,120,94
41,101,77,69
85,100,60,43
37,49,55,111
63,63,62,100
109,76,92,83
75,104,73,72
83,65,102,38
115,68,45,60
23,102,83,44
29,73,111,75
88,28,110,26
61,111,50,102
71,89,61,103
114,57,68,49
60,96,98,106
79,68,105,36
105,73,14,60
50,97,68,109
90,89,104,77
20,102,45,85
105,73,106,76
107,66,103,84
117,57,70,44
83,72,103,66
78,103,98,81
80,78,66,100
97,102,65,96
107,81,48,52
107,63,56,26
4,20,109,47
91,115,62,56
89,81,54,100
38,77,101,36
48,50,32,122
112,28,59,89
50,93,33,112
60,12,101,43
86,80,108,50
95,101,80,84
119,81,99,97
79,47,107,19
100,63,55,106
53,42,111,46
110,92,114,44
65,26,110,87
51,108,63,30
56,72,84,112
94,68,100,26
66,102,51,33
63,73,58,130
73,88,53,110
84,81,100,95
40,48,95,105
50,107,38,57
95,90,74,101
77,119,62,66
48,85,102,89
94,99,89,114
30,30,18,102
75,67,57,125
104,101,68,87
109,64,94,21
113,76,61,38
30,56,91,111
96,93,71,100
93,32,102,61
111,91,40,46
28,50,74,100
74,28,50,100
79,93,114,74
95,76,113,76
22,34,58,102
112,93,82,73
100,68,100,92
36,35,116,29
110,78,95,41
95,101,37,55
49,66,73,100
79,66,58,121
74,90,85,111
64,91,92,113
51,39,102,24
90,38,105,91
108,56,77,47
66,105,27,54
60,58,66,104
57,80,105,46
24,105,32,55
71,116,41,96
58,17,104,37
75,87,53,109
106,83,92,79
84,58,109,109
115,73,94,78
25,60,108,59
109,84,66,65
74,58,98,130
73,54,83,114
78,60,116,70
103,86,79,92
15,76,53,108
116,75,76,93
108,115,79,94
69,67,132,20
60,92,104,68
64,89,114,93
56,114,84,34
80,73,68,103
100,35,41,76
78,112,93,41
51,41,111,49
17,117,100,54
62,110,73,43
108,47,46,51
17,119,69,83
57,46,47,102
110,99,46,69
100,51,49,88
62,91,103,68
42,64,100,46
51,47,100,90
89,74,106,55
75,75,92,118
71,105,39,73
61,105,39,47
53,105,62,32
103,54,70,25
22,29,100,29
69,39,106,74
33,62,93,100
100,77,111,72
64,51,33,104
48,102,81,93
71,105,36,40
22,68,43,119
92,60,112,96
62,30,107,89
93,95,109,99
120,43,83,78
118,100,51,55
101,71,88,64
75,96,110,79
99,35,108,46
126,80,61,57
46,79,100,99
76,73,107,104
57,108,89,34
64,31,107,86
76,78,119,87
102,68,66,88
93,108,85,74
55,75,88,106
13,40,102,61
102,89,32,65
96,105,76,83
86,84,108,118
82,101,51,90
40,100,67,45
65,122,70,67
31,103,100,90
21,100,70,25
111,117,59,109
43,105,74,30
97,38,110,79
104,66,25,93
98,115,49,98
57,32,107,56
102,50,64,72
81,101,78,64
56,101,62,69
27,50,74,101
52,63,109,28
32,69,100,51
47,112,38,55
29,41,101,81
117,83,68,92
55,84,102,47
29,47,40,100
20,71,61,100
104,34,49,65
101,101,92,66
105,101,62,56
82,99,116,99
103,41,94,86
44,77,108,95
111,101,110,74
112,89,90,69
90,101,73,60
27,63,114,84
73,103,94,54
113,102,86,59
105,85,23,75
107,82,58,41
40,62,104,82
54,50,103,81
107,29,46,70
104,80,66,74
73,60,84,107
97,82,106,75
90,107,70,93
49,104,59,112
104,51,19,78
72,104,41,35
109,53,32,58
61,70,104,53
43,16,13,108
111,30,75,36
101,81,73,33
81,63,113,31
105,17,48,82
122,51,70,45
19,38,43,116
103,71,77,37
99,37,100,52
35,54,105,22
52,106,95,71
112,66,61,85
72,38,123,55
111,116,44,53
35,52,106,59
103,106,98,89
114,94,78,38
120,81,84,75
106,50,68,100
97,81,107,111
70,70,112,36
79,122,84,75
58,94,64,108
51,109,47,45
22,107,36,51
72,43,36,101
29,115,22,50
27,46,110,33
97,110,66,87
101,76,42,33
40,87,112,49
84,30,63,111
102,62,49,75
68,99,107,86
82,91,118,69
51,43,105,89
48,68,72,100
49,67,100,36
107,85,64,68
68,100,48,108
88,65,66,105
23,110,55,64
72,104,106,78
101,69,85,105
42,80,99,103
100,45,82,61
100,91,107,98
67,126,59,72
35,113,39,65
65,68,113,78
118,87,95,96
35,101,56,60
19,58,2,101
76,18,93,101
104,64,60,24
33,26,118,39
65,60,105,22
42,98,100,48
75,91,91,103
100,23,70,59
22,81,43,106
105,23,62,98
126,80,34,84
39,121,62,66
95,45,101,11
57,77,106,84
111,33,19,17
61,81,107,111
108,61,37,46
53,70,63,102
62,105,80,77
110,109,69,72
67,26,48,111
41,51,60,100
55,73,107,17
63,98,85,114
114,70,72,68
101,36,80,71
41,101,33,5
56,39,79,114
91,61,102,70
95,73,112,80
91,116,80,109
97,64,104,95
72,81,103,32
52,113,91,32
66,41,38,107
101,46,73,68
92,50,39,107
88,32,106,62
71,101,30,14
41,34,109,68
64,63,101,60
43,30,100,43
78,117,79,50
109,35,60,84
51,119,79,39
18,101,53,116
91,80,49,104
103,45,57,83
34,84,104,102
84,46,111,83
74,86,89,111
80,87,108,49
34,42,35,105
102,90,65,103
59,58,107,64
51,28,101,72
121,86,73,44
19,113,13,35
104,106,88,98
84,82,117,77
112,98,105,81
131,44,121,64
18,114,27,57
92,57,100,75
77,103,101,43
106,71,31,44
94,107,88,107
104,60,76,48
107,94,89,34
55,96,26,111
111,72,73,68
113,64,38,37
80,63,118,27
103,43,55,87
27,73,116,72
102,95,51,40
91,128,58,83
93,117,76,74
106,73,45,64
59,104,88,109
76,112,23,41
115,99,88,94
87,46,109,82
46,46,102,58
76,48,96,104
26,108,24,58
13,114,33,56
91,104,74,55
39,24,110,43
86,109,113,88
107,20,75,86
77,100,50,25
76,58,100,90
109,79,41,59
38,112,76,98
26,83,105,74
84,108,85,83
65,114,45,64
100,87,67,70
100,53,23,40
51,72,105,60
32,44,54,122
36,82,112,58
69,109,69,77
73,39,100,76
102,19,33,62
79,41,72,132
50,104,14,48
100,88,43,21
66,88,89,117
35,104,65,48
66,26,106,54
49,33,28,106
63,54,111,96
101,70,69,48
115,107,83,91
102,70,19,97
99,101,77,83
46,42,41,123
105,79,115,25
74,23,89,102
71,68,46,103
97,75,72,116
100,65,75,84
8,100,49,59
111,87,88,74
66,88,99,107
112,85,84,79
106,75,93,122
87,41,103,57
42,105,77,64
44,89,102,89
107,86,97,70
93,121,83,63
54,84,101,85
69,91,25,103
121,40,70,57
73,69,65,117
102,96,86,76
70,75,101,78
66,103,55,100
38,82,110,58
70,89,104,61
50,102,78,58
105,97,98,96
50,109,58,71
112,80,110,58
80,87,54,103
76,62,107,43
115,94,89,98
105,96,76,47
44,21,118,33
96,102,76,86
72,106,104,78
54,61,65,108
67,68,74,115
101,72,108,79
73,87,23,105
64,27,103,22
88,97,98,113
47,76,112,53
72,41,110,65
102,95,108,91
37,100,55,60
59,57,107,65
63,101,97,99
92,91,74,103
92,89,101,78
16,100,44,92
52,77,87,108
75,63,46,104
66,62,93,103
66,86,64,108
105,91,65,99
76,49,51,112
96,88,106,106
103,100,91,66
108,101,95,56
26,107,40,43
64,66,53,105
97,35,56,100
51,67,28,106
104,68,77,39
69,95,94,102
53,50,73,112
121,115,120,76
71,86,107,96
68,106,92,94
87,103,113,57
61,37,28,126
68,121,64,35
101,107,89,99
51,100,31,70
115,42,72,95
76,84,109,91
110,65,78,71
48,91,35,114
53,111,75,49
112,62,50,64
72,90,72,126
82,47,92,103
61,54,103,70
93,72,69,126
104,76,68,76
107,79,49,53
41,38,112,97
77,86,129,68
66,77,103,78
14,109,65,100
73,41,117,93
78,113,76,93
88,42,118,40
56,101,115,88
16,102,96,38
113,45,70,96
104,73,43,68
72,99,81,108
48,51,100,89
65,107,67,85
81,96,103,44
111,83,106,60
106,30,68,48
43,25,61,123
21,100,56,75
87,78,119,40
80,109,58,77
51,109,60,68
92,57,105,70
103,35,50,64
96,97,97,106
70,58,103,93
26,104,106,52
94,101,71,58
87,82,75,116
23,110,36,11
72,83,68,101
124,94,95,47
44,102,60,82
117,41,101,65
99,88,101,36
49,120,57,98
25,101,47,43
19,107,38,52
57,64,100,31
42,68,35,107
113,29,50,96
78,84,101,97
89,114,96,97
101,43,44,64
114,95,71,80
108,53,108,91
110,10,33,27
85,107,50,82
32,101,37,46
46,39,24,107
56,108,58,66
47,88,51,102
50,70,101,103
101,55,74,58
66,40,67,115
110,99,57,94
105,66,67,50
74,64,86,100
83,22,41,106
69,86,100,69
110,65,79,70
103,78,91,88
40,29,82,101
108,60,112,44
45,103,47,21
42,100,69,77
84,117,78,81
87,106,49,46
111,42,97,74
101,93,82,84
101,45,61,45
106,108,87,95
96,70,104,90
47,39,65,101
108,115,61,40
12,106,68,66
70,90,109,55
52,99,103,70
89,92,42,101
19,113,45,39
63,78,100,47
103,107,93,57
101,53,84,86
65,77,77,105
102,84,62,76
65,109,67,83
35,57,24,100
97,77,109,41
99,102,92,103
85,78,58,103
102,28,44,42
88,103,89,44
83,102,92,83
96,86,102,76
100,56,54,78
105,81,93,81
46,25,100,45
100,69,62,57
75,107,100,42
105,102,78,111
59,43,75,111
80,100,95,85
48,51,110,43
106,67,35,80
108,34,90,92
23,75,34,120
92,85,109,38
93,91,108,104
110,103,76,71
3,45,11,121
108,102,79,107
101,77,75,71
80,100,73,107
67,105,20,24
80,50,106,52
64,108,88,100
12,72,98,106
44,100,106,74
41,80,76,127
102,89,84,85
90,117,52,101
101,68,57,62
68,102,27,19
117,59,64,84
26,39,49,102
87,93,68,112
115,55,82,108
82,104,77,97
66,106,60,92
73,80,118,53
79,66,114,65
81,97,77,105
77,58,110,79
114,57,97,92
42,102,91,89
70,93,83,114
84,111,104,97
59,51,39,103
104,72,70,42
103,74,41,70
45,65,105,37
32,65,102,53
15,35,112,54
97,58,87,118
80,43,98,103
86,62,100,76
38,10,110,58
46,107,26,73
105,83,83,89
74,94,109,83
96,104,36,88
47,77,94,106
64,49,67,108
32,62,54,104
88,116,66,90
24,84,28,116
104,77,96,47
37,20,106,53
46,109,98,71
45,101,33,73
41,103,81,99
83,62,102,77
73,27,123,65
100,9,57,14
87,65,70,102
61,117,96,86
78,96,42,108
75,66,104,43
106,72,63,47
31,42,110,33
65,109,78,36
91,113,87,69
70,112,77,29
103,64,69,88
33,103,28,52
46,109,97,72
62,41,83,102
108,41,108,67
46,86,105,51
68,53,130,73
90,107,52,39
115,62,22,89
102,58,36,20
101,39,79,69
65,101,51,107
96,70,107,87
75,86,121,78
54,63,116,19
64,79,102,43
126,89,93,52
41,91,109,47
114,68,103,75
105,83,76,60
99,52,36,101
108,41,48,91
100,78,97,85
51,40,49,112
118,39,13,46
112,60,53,63
58,107,93,102
72,103,83,66
72,97,86,105
64,120,63,77
29,100,52,71
56,69,106,57
101,91,83,85
12,10,42,116
79,101,72,108
116,92,93,59
89,106,89,40
77,113,63,71
99,107,79,39
35,77,66,110
71,25,15,105
77,50,102,95
101,62,82,79
101,84,12,91
74,109,70,107
84,83,111,82
46,32,70,104
90,100,99,71
103,38,57,90
68,111,19,18
40,48,116,84
70,21,106,19
44,40,84,120
101,69,44,74
75,100,71,42
110,87,107,128
88,58,39,103
90,14,62,122
49,108,69,62
76,52,108,88
61,55,102,34
107,65,111,41
100,93,81,50
95,36,102,55
80,29,119,24
98,63,111,88
61,29,110,88
103,83,48,54
81,85,102,56
70,108,84,62
75,102,27,84
70,104,65,85
83,87,39,115
22,49,101,80
34,18,115,49
110,109,63,78
103,46,69,70
100,51,98,75
83,62,109,70
73,109,53,53
96,71,86,107
23,27,17,113
44,23,38,111
60,123,53,52
75,98,82,105
111,61,55,61
36,86,59,107
74,80,102,104
100,43,102,79
84,114,54,72
99,124,80,93
62,97,116,85
75,89,56,104
29,90,131,74
120,72,32,64
23,80,101,48
93,61,64,106
109,51,23,105
81,58,106,43
127,87,90,20
107,76,88,89
106,90,101,27
100,125,44,91
120,123,93,132
39,76,65,108
31,42,104,75
29,100,97,62
101,89,26,72
37,108,57,50
75,87,60,102
53,72,54,109
19,104,100,65
38,100,48,102
49,78,109,88
69,47,26,110
19,80,100,53
19,54,104,75
109,75,84,56
68,103,52,65
96,107,67,90
37,55,102,94
102,98,37,87
70,111,63,80
80,107,80,93
69,27,107,85
101,64,63,96
69,101,45,73
68,60,91,105
72,21,105,54
81,88,103,88
100,29,76,47
45,10,101,24
33,38,105,40
65,81,100,114
69,90,127,74
114,40,28,70
69,52,103,28
76,82,66,100
36,28,105,47
82,60,45,101
121,46,75,82
45,120,68,19
64,100,89,71
37,74,77,100
64,112,76,72
90,92,35,107
73,60,74,117
53,25,74,100
47,109,65,103
76,93,124,67
100,93,91,76
90,52,44,102
97,100,87,76
89,105,86,80
62,59,113,18
40,115,45,88
100,23,64,29
111,72,88,125
66,100,102,20
83,34,113,94
100,28,75,49
52,38,98,100
86,109,63,66
68,37,116,103
41,62,107,42
91,104,87,42
101,73,87,99
70,64,116,74
109,40,99,76
42,104,50,56
112,78,91,115
101,84,96,79
48,6,114,84
44,55,77,112
7,111,77,57
40,90,112,118
119,60,78,103
86,96,126,124
48,28,24,116
45,36,101,70
108,77,80,95
63,101,35,89
56,111,59,98
101,72,57,94
70,116,52,50
71,105,114,70
94,109,98,95
77,66,107,74
93,68,101,62
101,48,91,84
5,51,114,46
21,103,53,3
62,67,46,113
46,47,111,84
20,49,104,43
103,98,18,105
64,112,85,99
55,85,43,105
49,93,37,109
103,83,79,23
119,64,69,72
19,76,113,80
93,56,107,68
107,88,47,82
80,112,48,84
34,68,85,101
84,93,119,100
45,64,123,56
106,72,52,58
88,47,104,49
60,115,101,84
15,73,61,103
21,112,43,40
41,69,111,67
93,86,94,123
116,116,132,68
49,6,101,60
77,67,72,108
106,60,95,63
100,22,29,65
68,105,36,79
66,86,49,123
63,53,29,107
102,74,97,87
21,57,94,116
91,68,100,101
69,100,83,108
56,79,115,74
113,53,66,92
107,97,49,71
114,38,12,52
74,103,45,30
48,100,81,95
103,67,38,44
96,74,102,88
84,100,37,31
112,71,52,89
107,34,40,35
75,74,93,118
113,43,59,37
108,102,71,115
70,80,110,64
72,94,93,101
103,68,91,98
38,43,119,52
68,109,72,75
72,47,103,30
53,117,75,79
77,106,107,106
33,106,71,42
32,111,82,63
101,101,40,118
65,79,80,100
96,106,99,95
58,69,23,102
104,67,91,98
96,39,101,88
70,101,71,82
64,71,73,116
70,102,72,44
71,68,113,72
118,88,51,67
23,121,84,24
56,39,20,101
69,110,68,41
102,90,80,88
88,51,103,46
70,85,121,48
23,71,52,106
68,55,107,22
91,103,58,72
94,100,71,95
74,89,96,101
82,52,106,48
20,104,36,56
89,116,91,100
75,75,69,105
100,36,39,5
93,119,95,53
52,109,80,47
25,83,104,40
78,98,116,104
79,111,36,26
58,113,77,40
82,106,63,109
109,42,92,81
64,119,68,37
102,94,58,70
112,68,79,65
100,65,72,87
129,54,31,38
107,79,83,55
89,62,67,106
89,111,68,56
107,64,58,95
22,100,104,26
45,122,93,64
82,108,78,128
73,75,107,69
84,111,55,74
81,100,80,63
76,114,82,52
92,107,66,59
53,69,111,91
56,124,87,93
87,59,96,118
28,28,104,56
78,120,48,78
46,40,54,112
41,108,27,76
88,106,54,40
35,81,27,109
96,40,60,128
41,80,113,54
67,84,63,110
96,102,82,80
59,40,109,44
107,66,70,81
73,125,124,110
70,120,35,27
72,113,40,63
28,71,39,114
45,54,89,100
56,106,78,84
101,84,84,55
45,32,100,39
115,57,50,66
96,78,86,100
64,85,75,100
58,108,87,35
90,84,75,111
122,48,72,82
28,52,67,105
59,92,70,103
85,102,61,76
61,46,100,45
63,100,76,49
55,57,40,100
34,65,108,9
21,111,25,23
102,86,53,47
44,18,104,50
47,90,101,86
54,97,116,93
68,47,95,114
89,44,84,107
91,105,93,107
62,39,49,102
79,118,51,76
73,45,101,69
43,101,101,79
104,90,82,84
63,20,112,93
61,65,57,105
107,64,95,94
85,106,76,57
102,66,70,86
93,82,107,78
62,54,61,111
75,88,85,112
73,95,53,103
124,76,103,93
46,109,68,65
40,69,68,111
106,99,105,86
65,79,76,104
82,35,108,63
37,42,34,103
48,37,51,116
103,71,83,67
99,98,90,109
51,77,51,109
62,103,75,84
37,110,47,22
123,79,49,73
72,63,51,102
67,118,48,91
88,90,112,70
83,96,78,103
100,40,48,64
122,48,81,73
79,89,97,131
88,104,61,71
111,73,71,33
52,81,89,102
79,91,106,84
85,88,84,103
64,100,51,37
32,115,43,26
100,50,69,69
111,107,91,51
77,102,48,97
32,110,46,64
108,68,60,88
44,90,117,73
16,111,83,42
52,102,46,52
83,52,102,15
57,74,48,109
43,40,33,100
62,82,80,100
62,117,83,98
35,43,105,33
69,92,52,111
89,98,103,34
71,101,84,68
95,92,37,100
70,96,112,82
111,76,76,61
68,91,58,107
53,63,112,60
71,104,38,75
58,108,109,85
44,56,49,103
77,47,118,82
57,100,113,90
98,85,72,105
120,33,77,58
102,68,76,42
109,97,97,21
99,45,100,80
74,101,52,97
64,66,86,108
104,80,56,84
60,24,68,100
10,58,5,107
126,61,84,89
79,83,42,120
107,63,50,68
117,73,63,71
90,108,38,52
87,67,104,66
104,43,78,27
61,82,99,118
74,102,84,64
47,100,46,59
46,97,102,79
84,97,100,115
81,31,59,117
64,74,45,105
88,87,101,84
71,29,101,87
95,100,99,66
55,75,112,82
124,42,111,47
107,75,82,96
25,22,114,19
27,112,31,10
95,96,108,97
101,91,97,71
102,49,59,78
114,32,83,95
100,68,42,78
100,55,27,70
104,81,64,39
69,47,34,102
17,56,102,77
33,71,115,69
84,13,102,53
102,76,38,72
102,12,40,62
135,101,130,30
101,70,88,65
59,14,32,111
113,63,48,100
81,33,107,67
103,98,92,67
122,81,50,71
46,44,107,19
52,100,85,87
82,105,75,98
23,68,103,94
86,71,57,110
108,69,49,62
65,56,54,113
105,20,77,50
102,94,85,79
73,95,105,51
55,35,101,25
101,90,96,73
84,105,49,50
104,88,92,76
108,60,102,54
76,72,72,104
37,108,54,89
97,101,67,59
77,81,102,100
69,94,101,96
64,78,108,38
107,103,73,77
96,45,103,44
104,98,38,84
100,67,53,68
73,107,53,55
101,93,56,74
101,41,83,27
92,97,58,113
116,41,60,71
62,54,102,34
80,51,115,78
101,71,90,62
64,55,101,68
110,36,24,82
51,104,56,41
32,111,63,82
41,46,62,103
52,28,70,102
23,105,21,31
48,101,75,64
47,62,71,108
55,62,118,89
64,39,44,105
59,67,62,100
78,65,104,41
104,69,30,121
94,123,76,31
82,48,85,109
102,107,37,78
70,59,54,105
63,117,51,93
106,69,53,60
92,61,118,89
52,88,84,100
43,68,59,118
102,42,48,24
49,101,67,71
91,73,100,60
106,76,96,82
85,91,75,109
101,64,41,82
124,55,61,48
105,77,75,103
100,85,60,43
62,101,83,42
117,62,86,95
82,43,103,24
57,41,42,112
42,104,46,96
102,59,15,76
79,106,92,47
72,68,100,12
118,59,74,37
5,48,46,117
56,103,77,52
97,44,45,102
99,89,121,87
99,70,112,79
99,44,37,108
29,62,108,89
51,85,70,118
76,54,18,104
59,105,52,36
25,16,36,103
55,41,14,106
61,107,51,69
65,94,86,115
71,112,47,94
100,73,87,64
81,29,32,110
119,94,58,53
73,91,46,114
50,21,57,124
41,71,115,97
104,59,58,67
118,74,68,64
101,95,32,96
102,40,71,39
83,100,76,101
78,76,108,98
54,71,62,101
114,80,69,61
78,52,84,110
60,33,107,88
105,102,56,61
60,113,88,63
80,76,92,112
74,30,108,76
40,115,87,82
42,120,97,65
102,85,102,35
102,84,36,30
55,100,56,41
116,75,82,51
66,31,69,122
44,88,106,86
102,47,74,29
91,58,102,73
59,70,124,71
94,74,113,79
58,60,45,125
119,35,13,49
70,38,108,36
89,110,78,83
103,85,86,50
45,79,89,111
54,101,50,47
67,73,44,104
60,62,104,98
31,39,114,32
66,89,109,24
71,84,63,106
48,113,76,87
86,69,63,106
67,63,41,117
102,75,92,91
54,69,62,103
95,85,71,109
53,62,102,71
44,72,67,105
68,98,89,105
100,28,44,80
46,19,41,110
84,107,74,59
102,65,82,111
66,78,68,112
88,101,66,33
20,38,114,44
125,55,89,55
50,57,43,102
39,100,42,35
111,83,95,107
63,95,92,110
116,53,71,84
51,105,78,54
34,110,38,106
66,37,104,45
104,67,52,65
66,61,94,103
36,58,22,100
111,58,31,88
100,106,66,16
104,87,80,89
125,45,49,69
100,86,79,59
68,109,38,37
56,113,86,69
24,124,89,87
76,107,51,90
68,86,112,94
91,103,69,25
57,123,26,46
56,62,33,101
101,89,72,62
96,98,107,95
107,48,78,19
108,99,39,78
39,90,88,107
128,132,78,130
94,89,107,70
63,101,12,76
87,78,45,114
13,62,108,33
25,54,103,34
30,104,33,49
86,93,36,109
107,29,23,93
60,49,103,76
109,88,68,59
110,66,63,85
72,88,107,93
48,103,33,68
61,109,46,108
73,55,60,100
30,59,61,102
93,117,66,48
36,107,65,80
78,13,17,108
106,82,122,50
70,102,69,83
44,47,107,18
99,109,115,109
56,43,101,52
22,64,104,98
83,65,103,109
49,57,38,108
34,62,106,86
23,111,84,106
77,75,113,59
84,67,56,117
98,84,109,33
73,93,70,124
40,75,69,104
73,80,107,100
75,107,80,62
121,88,74,41
101,31,83,73
30,100,35,87
116,33,26,5
4,109,85,90
92,108,96,100
46,73,118,51
120,74,50,44
77,106,25,80
108,59,75,82
120,35,56,41
108,49,19,76
103,92,69,96
75,54,112,11
108,88,59,105
96,64,58,106
109,28,72,79
65,110,72,77
110,27,114,73
92,38,104,54
104,42,75,103
72,108,92,88
72,60,79,113
57,127,47,57
103,101,72,84
57,121,86,132
110,60,103,51
44,76,106,98
55,89,98,118
77,114,68,101
34,70,76,108
115,62,82,65
65,76,108,39
32,37,11,100
118,55,81,34
66,101,49,36
43,93,100,88
17,33,109,21
100,75,85,100
20,114,52,66
80,63,111,70
39,71,103,75
100,40,15,97
49,20,105,42
63,89,110,98
68,82,125,49
59,28,103,62
75,104,87,94
56,114,70,84
105,60,37,50
63,81,93,123
28,109,47,68
86,92,103,43
52,122,45,33
59,97,64,104
52,112,42,46
66,73,101,120
100,111,30,83
9,32,74,101
103,100,73,48
110,81,95,110
61,134,57,108
112,46,59,71
78,35,92,119
108,88,55,37
89,37,122,76
56,55,70,107
105,93,41,85
92,112,112,80
106,67,72,43
79,109,71,101
63,99,56,106
108,52,91,109
39,77,103,69
88,99,105,68
43,103,0,34
30,91,110,93
30,117,75,66
101,57,38,92
47,39,26,104
61,35,90,102
32,107,90,95
102,55,92,39
81,109,25,73
71,109,61,11
31,101,23,61
70,36,106,76
37,50,103,26
73,95,102,54
71,75,106,72
113,80,81,86
73,73,74,104
102,65,84,37
91,70,116,11
101,35,60,92
32,110,81,65
83,66,70,105
65,44,78,101
105,80,68,71
65,37,118,68
60,99,107,94
94,101,60,69
99,72,86,103
71,68,40,109
34,44,125,49
103,77,53,55
71,44,113,60
69,50,83,122
21,102,50,43
115,72,99,74
100,77,81,102
46,91,71,116
93,83,79,105
112,44,81,15
58,108,91,67
31,100,25,24
73,110,82,59
74,73,24,117
59,75,47,107
101,104,99,92
82,66,72,104
69,12,111,60
68,108,105,79
36,81,32,103
116,101,87,92
127,40,58,99
98,110,85,103
60,31,37,124
56,40,102,54
14,102,75,25
61,102,43,82
102,84,45,21
42,106,31,37
27,126,82,17
50,54,84,100
74,109,55,14
63,72,114,75
35,105,6,34
101,105,99,19
84,34,113,57
110,19,83,40
102,65,82,75
98,57,114,55
102,58,76,88
30,100,58,100
42,116,75,55
55,101,76,56
107,91,96,30
47,69,56,116
49,95,77,103
29,59,58,106
109,85,81,49
75,57,100,92
115,45,84,44
23,29,108,20
98,78,124,60
71,121,44,52
104,66,84,34
74,68,75,107
114,51,60,63
116,77,68,99
101,95,51,41
23,55,71,103
70,63,108,47
33,98,106,51
115,66,89,18
114,60,81,69
121,59,46,62
58,77,111,42
30,101,58,63
85,108,40,91
53,47,45,107
60,23,108,25
15,63,72,102
112,63,70,79
109,52,82,117
89,56,112,67
114,81,66,99
101,73,37,77
68,28,100,56
90,69,88,113
117,77,53,41
32,91,116,85
49,100,118,57
75,77,105,31
103,61,36,52
112,89,28,59
112,104,94,86
81,119,97,63
105,80,83,56
79,90,105,50
126,33,30,27
43,24,82,103
64,76,105,79
85,87,42,110
67,100,73,84
115,55,67,87
78,100,52,94
17,107,33,23
91,86,112,107
100,92,92,76
87,100,89,48
95,109,68,52
98,92,63,107
90,112,71,51
110,77,77,24
51,5,103,21
106,33,25,52
79,63,44,102
64,90,109,25
74,107,87,56
47,80,57,104
47,16,43,110
81,103,86,90
74,76,92,118
116,48,85,39
76,67,96,121
52,54,34,112
70,59,109,50
50,85,84,105
44,85,112,47
44,101,67,76
81,38,94,111
55,41,103,89
120,48,89,67
93,65,103,99
54,9,44,109
67,102,36,47
50,59,100,43
74,101,96,89
115,62,67,80
103,52,20,41
78,53,21,100
80,54,120,70
65,101,25,25
73,120,37,94
89,101,57,41
109,119,77,127
104,79,89,124
98,88,31,107
85,88,80,107
50,82,102,54
107,92,30,23
106,74,81,63
112,99,47,66
75,110,45,94
101,81,99,79
107,91,37,89
65,112,90,93
80,81,111,52
80,23,102,11
105,112,66,77
92,101,57,74
103,44,77,28
44,80,111,89
59,104,78,83
62,47,102,77
34,114,31,37
105,57,4,50
62,91,100,107
76,100,98,50
59,50,38,105
63,68,112,81
51,75,24,102
106,97,30,91
113,69,86,56
82,103,94,81
117,49,97,61
67,38,78,105
112,73,43,60
105,44,63,76
111,39,46,56
97,63,55,109
82,69,54,119
108,60,83,73
79,66,124,91
114,32,68,110
100,9,46,25
100,68,94,62
103,46,48,19
66,76,115,103
6,100,41,33
38,22,87,105
63,55,70,100
85,89,103,47
36,32,101,83
26,102,73,87
98,85,105,72
34,103,50,65
102,75,46,29
91,93,107,33
81,80,87,112
25,50,110,103
49,102,50,51
80,112,75,93
64,43,79,102
34,17,61,104
74,85,87,114
100,59,51,78
79,62,68,115
87,100,95,42
96,111,112,77
101,97,43,47
45,77,116,50
118,69,48,89
57,68,111,88
86,69,117,16
102,84,100,74
32,89,66,101
80,32,113,99
102,43,40,67
110,68,79,67
88,127,71,38
49,101,78,96
81,89,112,42
55,39,91,103
85,117,66,92
122,19,84,63
83,59,65,117
85,108,93,38
65,56,102,65
66,60,56,106
70,102,99,89
52,100,67,33
97,73,84,106
101,31,91,65
122,48,75,43
89,80,80,111
67,31,105,13
109,75,78,62
69,62,83,110
59,56,69,104
51,102,86,49
101,76,77,70
69,112,97,82
64,96,106,94
91,84,82,103
104,59,91,70
65,68,106,49
53,105,44,86
106,57,33,92
30,104,11,35
75,96,51,102
110,73,98,79
48,11,103,18
55,36,117,44
73,80,102,33
61,121,49,57
108,32,56,92
106,68,97,53
105,101,87,103
108,56,62,26
68,106,79,71
32,45,102,37
100,69,52,67
38,84,100,102
85,105,90,80
79,91,54,100
120,61,28,43
13,103,40,60
107,60,58,99
36,113,53,50
102,94,77,51
106,86,106,98
100,42,56,54
46,74,18,114
58,76,110,80
119,69,35,101
105,60,60,99
62,116,76,106
75,117,70,62
31,61,57,103
102,65,58,99
49,50,78,111
118,98,79,101
58,99,59,108
68,36,76,108
101,88,77,58
75,42,112,23
68,75,101,80
104,62,36,14
115,89,48,36
103,82,34,33
70,96,112,82
14,101,41,60
48,48,53,103
100,37,65,50
68,110,92,90
81,69,60,114
57,105,79,47
25,16,117,58
65,47,113,27
40,115,76,57
111,65,79,69
10,23,46,101
86,74,60,104
28,110,63,15
101,99,98,62
47,112,48,45
67,119,44,58
97,92,117,54
133,127,131,77
86,47,35,120
105,83,24,76
59,103,79,83
65,53,121,85
89,89,44,102
67,117,75,65
63,21,107,97
82,65,41,100
104,73,102,81
66,86,116,92
48,102,25,77
56,60,108,28
33,102,25,56
77,86,104,93
90,101,85,84
73,81,107,27
59,49,56,124
87,105,35,61
44,15,125,68
101,88,89,46
72,107,87,22
89,75,80,116
112,41,48,51
43,23,101,13
63,110,43,36
100,91,112,93
100,64,87,109
78,80,55,111
37,109,41,29
83,105,103,69
49,117,66,92
98,95,100,103
85,100,65,74
86,91,103,116
56,106,71,19
88,63,115,94
68,56,75,125
70,106,48,28
41,76,108,63
71,102,49,30
98,94,103,65
50,65,69,104
124,59,9,24
34,102,10,70
78,50,124,72
103,58,62,65
23,86,38,105
96,124,51,53
118,79,50,41
26,86,75,101
104,71,105,80
82,66,28,112
62,93,111,94
100,70,67,51
101,97,76,50
31,99,65,129
90,105,97,68
25,104,52,71
50,107,88,79
89,100,113,58
107,64,28,89
106,76,52,54
90,66,121,11
26,48,105,37
64,111,71,42
102,64,46,76
62,88,74,100
120,52,88,64
76,80,68,100
51,96,100,41
75,101,60,88
102,73,68,81
104,49,24,39
100,59,57,72
48,109,80,87
73,80,121,86
60,103,93,32
102,8,70,72
31,105,84,68
70,80,102,72
42,81,100,65
97,95,104,28
105,52,74,93
74,108,82,96
81,34,28,109
59,100,94,71
49,71,100,32
47,66,108,31
96,111,72,81
59,64,105,96
103,77,99,45
111,31,30,44
55,39,106,88
104,84,69,31
106,40,74,68
78,100,67,43
41,60,106,45
82,101,80,97
109,80,55,80
37,57,113,81
103,84,72,65
65,95,79,121
74,94,105,87
55,90,76,103
73,105,91,91
38,38,0,104
94,61,25,108
41,100,17,58
55,58,102,73
89,110,61,100
69,83,104,68
90,106,35,93
72,104,66,82
104,79,64,77
102,72,67,47
102,77,44,29
76,103,83,98
55,39,118,4
104,72,41,35
60,56,98,110
80,76,58,110
101,64,55,68
39,31,40,106
104,50,70,64
56,55,100,77
109,56,28,59
56,21,100,39
96,107,66,91
118,98,80,100
47,102,22,81
43,100,82,63
94,92,102,108
111,96,45,72
42,43,104,63
44,57,86,101
106,53,87,78
48,101,76,27
98,46,109,35
22,106,31,93
121,54,86,135
83,75,104,98
98,111,64,51
27,110,80,35
79,103,79,99
50,109,71,58
80,109,55,44
94,120,90,56
70,124,28,30
98,85,39,102
59,108,34,87
103,92,82,83
106,84,96,110
39,69,106,38
79,74,110,97
66,68,74,116
108,48,91,77
49,74,101,64
58,96,103,67
19,113,28,56
11,107,60,38
22,111,66,53
90,89,39,106
90,36,62,100
90,95,59,116
94,101,69,60
87,33,26,106
56,17,104,75
50,74,115,49
102,79,94,49
74,105,21,52
82,104,70,104
40,112,32,32
97,93,92,114
112,50,49,41
102,74,98,50
50,106,72,60
72,102,105,45
77,119,38,54
17,71,26,102
52,68,57,111
56,73,101,94
101,41,96,122
84,47,100,93
28,113,73,38
86,89,79,106
82,77,58,107
72,85,97,106
113,23,127,97
100,11,28,41
96,124,53,87
71,107,79,67
59,101,100,64
43,102,95,48
107,82,87,84
111,48,63,30
107,67,79,35
103,115,80,98
59,100,98,67
103,81,100,76
58,103,112,87
105,67,38,78
78,106,53,51
74,102,65,47
105,59,106,90
50,117,105,88
98,109,70,83
78,104,50,92
53,104,80,87
42,112,61,37
112,77,39,24
108,61,40,79
100,85,83,92
51,38,110,53
112,55,54,103
83,51,103,51
56,92,115,97
59,20,101,72
118,35,34,29
58,106,34,54
61,86,105,72
101,54,87,82
88,124,77,35
70,90,93,107
40,10,94,108
75,96,101,52
69,101,78,112
102,53,22,39
107,33,50,26
83,52,105,84
32,106,69,81
44,103,73,68
100,80,93,87
73,105,49,61
46,47,17,106
82,41,106,95
73,36,73,106
106,69,62,51
39,88,101,60
71,66,116,35
60,71,117,112
113,63,87,25
102,76,66,80
27,70,111,80
59,56,37,100
72,100,78,74
101,53,88,82
107,73,74,70
56,71,115,82
38,44,58,112
26,102,50,74
85,48,114,77
79,103,30,40
52,105,65,102
104,58,54,72
41,81,47,119
79,19,52,102
38,34,43,101
108,99,41,76
17,52,71,112
61,60,110,57
108,82,62,36
100,45,92,51
54,78,12,108
33,101,71,47
59,113,67,49
105,59,85,75
101,69,73,81
69,75,33,111
53,38,53,108
81,84,108,51
108,67,16,97
27,13,111,65
91,77,88,104
63,65,60,100
85,80,52,107
41,82,62,103
73,43,115,57
60,36,92,100
102,98,54,70
27,101,90,70
94,56,118,20
103,74,96,87
53,52,47,100
47,109,59,37
105,67,63,17
30,110,99,85
101,59,68,96
29,65,19,103
52,66,83,123
86,81,103,54
86,115,75,84
88,56,100,44
78,85,79,118
51,75,106,92
24,25,115,16
74,63,87,100
72,73,107,108
67,95,101,97
38,103,73,74
82,111,102,65
63,105,69,51
58,102,97,67
63,68,84,109
79,113,76,56
98,76,49,101
100,67,83,74
67,70,107,80
93,72,100,95
81,82,57,104
48,48,78,114
69,12,59,112
105,103,81,71
75,54,119,76
106,72,30,80
82,49,106,15
78,91,91,100
38,60,104,86
79,61,102,82
101,70,85,68
99,115,52,94
101,41,49,25
47,50,108,83
81,93,118,68
131,48,74,71
58,53,105,72
114,83,29,62
117,77,89,77
51,76,75,122
64,118,92,86
58,45,101,48
61,26,109,56
103,51,39,95
104,71,98,51
82,27,112,103
85,42,86,111
74,60,86,104
92,106,37,17
103,96,21,68
62,114,57,91
74,68,44,102
41,29,119,63
38,84,92,110
37,108,64,43
65,77,82,100
63,46,106,73
60,95,107,62
103,72,40,73
109,89,78,84
92,106,82,116
102,48,12,54
102,35,40,39
102,106,76,76
67,92,110,91
28,50,87,123
87,58,65,114
103,59,43,47
99,81,113,67
38,79,23,112
33,100,71,84
40,61,81,106
99,28,117,44
114,56,124,66
107,38,107,72
19,116,35,82
27,113,12,28
84,97,36,107
65,105,50,32
104,38,65,81
83,122,54,65
52,86,102,48
78,74,124,48
52,102,51,83
103,11,95,79
96,113,71,44
63,118,75,68
102,26,78,46
44,49,101,94
107,80,40,97
103,83,76,26
102,97,74,87
43,55,81,109
114,83,64,99
42,43,94,109
65,48,122,53
85,63,73,103
116,57,56,59
90,55,79,100
83,110,100,31
103,99,95,99
85,65,87,123
100,44,71,109
40,52,49,111
81,106,102,71
72,45,24,111
107,66,35,44
49,115,114,82
98,101,99,62
37,43,103,69
15,105,33,27
88,96,58,118
48,96,116,100
88,17,45,102
73,78,110,63
104,49,87,48
99,114,39,36
53,104,107,60
97,43,71,113
94,80,106,80
53,83,28,124
47,116,112,85
57,79,87,101
54,29,67,102
28,101,87,72
25,77,108,42
90,83,78,109
81,105,59,79
90,78,117,111
77,97,84,102
81,54,115,38
110,80,81,89
100,44,42,66
102,29,109,84
67,88,107,62
102,113,51,22
105,86,95,74
44,105,61,42
100,70,81,109
50,114,54,34
112,52,87,73
110,94,66,54
58,107,72,51
111,80,61,108
71,95,89,105
0,7,35,102
105,58,26,27
73,42,97,112
94,61,62,107
83,104,88,85
32,26,121,37
50,10,113,79
74,95,76,115
91,108,89,36
81,104,97,78
63,81,101,43
52,104,102,30
99,112,36,77
106,44,106,68
99,120,87,90
116,68,86,90
43,75,91,115
98,100,100,62
27,24,95,106
114,84,41,49
53,100,70,101
91,56,74,103
101,65,74,84
50,26,111,101
94,104,69,57
32,124,26,70
45,94,74,111
89,42,51,106
52,115,47,38
58,30,103,61
94,78,48,104
105,51,91,113
23,71,47,111
105,48,60,39
83,63,42,100
88,44,104,52
106,80,96,42
102,50,85,87
82,22,109,75
100,59,88,41
101,66,76,45
60,43,108,41
106,91,76,87
101,37,90,96
107,61,94,26
37,82,55,114
75,112,34,67
52,109,62,65
120,94,85,97
102,75,32,43
44,102,34,72
125,8,36,47
109,53,27,99
100,43,43,66
117,36,48,51
36,55,84,113
110,59,85,70
60,56,67,105
57,85,106,40
30,67,100,91
104,53,123,80
115,100,15,94
48,118,85,73
94,65,53,112
47,86,83,108
47,40,104,97
116,65,72,35
100,76,20,56
57,28,116,51
100,88,87,49
80,118,85,41
59,105,59,101
102,38,75,73
72,112,42,62
99,31,57,101
95,122,45,62
98,59,99,104
65,51,100,108
76,42,68,102
62,35,54,101
67,77,116,64
79,113,56,76
43,85,57,103
114,58,53,63
90,110,84,76
59,107,52,106
105,110,99,82
64,80,100,80
87,98,109,102
18,52,101,81
86,105,38,59
51,101,43,21
41,68,70,109
58,65,128,73
108,80,71,65
108,22,11,75
89,45,51,103
103,118,89,50
66,31,44,111
61,17,105,69
61,91,29,107
70,62,100,56
86,75,130,69
51,34,123,80
118,54,102,50
50,53,59,126
107,59,86,72
59,114,71,80
64,72,84,104
44,105,26,41
44,101,55,88
64,91,69,100
118,35,43,56
108,52,37,55
54,52,102,44
46,49,103,54
103,29,69,51
91,114,41,42
91,36,42,119
93,120,93,90
100,53,93,42
107,93,97,99
114,82,75,53
57,68,103,60
100,26,53,37
34,89,62,103
113,71,24,44
40,48,61,103
64,21,112,19
87,108,49,80
78,74,103,69
73,124,97,66
50,96,77,101
85,59,74,106
98,43,101,118
84,33,101,70
84,96,114,66
103,60,36,89
118,53,44,73
88,106,61,69
86,122,60,56
48,80,107,53
71,49,111,57
68,103,39,78
69,53,96,106
108,27,39,42
115,54,59,60
101,65,47,39
48,71,63,106
12,19,36,113
108,94,94,64
66,107,25,54
92,100,87,81
111,76,98,75
62,75,109,78
83,108,55,78
63,57,106,62
85,111,38,90
115,107,72,66
51,102,67,104
76,92,101,55
42,59,112,75
89,66,105,100
17,100,33,30
74,118,78,90
33,101,109,81
61,102,56,69
60,106,98,96
122,80,28,94
120,50,79,39
49,39,55,109
68,118,82,92
90,92,107,35
115,65,57,51
101,74,66,47
82,106,103,33
80,96,111,73
78,82,101,99
109,49,39,19
65,55,105,63
54,11,80,107
116,26,39,71
100,87,52,49
61,114,68,45
60,81,82,101
78,53,92,101
68,93,95,104
89,64,59,112
114,77,71,98
36,102,51,63
33,99,113,43
72,33,111,36
72,78,74,100
76,75,108,101
63,45,37,107
103,67,114,76
118,41,51,42
104,68,94,94
51,102,101,34
87,113,33,55
26,111,62,17
21,42,115,38
119,89,94,94
87,102,59,76
56,47,115,70
55,73,102,94
19,101,88,44
93,43,82,106
19,102,88,79
31,55,41,125
56,54,122,56
58,124,60,46
48,104,90,82
85,81,54,104
87,50,85,102
100,49,73,66
98,92,66,104
29,26,43,118
45,90,46,107
49,63,29,111
105,113,61,81
70,40,100,78
97,90,129,80
93,96,124,47
31,38,110,37
110,41,30,35
105,89,52,78
112,65,95,88
89,64,119,88
78,94,15,101
50,82,107,85
27,50,95,116
108,79,64,73
72,66,77,109
121,55,17,59
26,95,108,95
53,104,76,91
57,77,35,119
10,64,104,38
114,67,86,93
44,74,106,100
63,56,67,102
105,73,77,105
63,78,109,110
95,49,101,43
121,60,83,60
112,95,118,107
105,24,63,24
72,98,105,85
106,54,89,39
75,85,109,55
102,74,93,91
79,85,92,104
61,104,71,52
76,94,76,114
52,101,57,42
25,34,114,43
98,112,84,66
70,111,55,88
64,66,102,128
73,87,103,61
61,80,73,110
87,67,104,66
23,58,25,110
110,19,76,83
102,92,94,108
75,54,105,54
9,83,46,114
91,88,45,100
80,25,107,40
60,71,90,103
44,62,77,105
48,50,108,82
79,58,108,43
107,66,59,56
66,22,108,56
81,88,101,90
87,99,105,69
60,103,95,66
62,99,98,101
65,77,77,105
53,81,80,110
116,38,116,126
108,85,68,63
73,101,54,24
101,34,45,72
107,78,70,105
109,97,101,53
33,38,72,109
102,52,41,57
73,62,84,105
85,91,68,116
66,92,108,58
60,55,34,103
39,8,103,66
108,88,82,46
101,45,63,79
102,88,69,65
42,100,59,51
22,42,106,10
90,116,67,51
44,78,112,90
92,69,113,86
83,106,37,62
107,52,106,95
72,68,116,68
37,24,85,106
67,66,104,51
41,89,103,55
79,41,115,53
38,112,39,27
50,39,94,105
78,48,45,117
72,79,69,104
67,109,106,78
71,68,116,69
48,70,97,109
73,65,104,82
17,21,104,38
116,100,87,93
84,67,66,107
114,38,34,66
89,119,98,54
100,95,45,48
73,80,62,109
39,87,90,108
44,42,46,120
103,29,67,89
66,55,115,52
88,101,37,62
109,61,55,99
36,27,46,107
67,71,97,125
106,79,34,105
121,75,51,41
44,104,82,94
127,98,49,86
110,65,108,77
51,113,94,102
42,103,60,47
57,40,102,53
20,105,64,63
56,109,74,49
69,101,36,82
115,48,35,54
66,12,59,115
56,73,108,15
29,105,59,23
36,70,110,72
72,41,75,100
80,50,113,45
64,75,43,106
104,36,37,39
38,105,48,61
50,100,38,64
78,65,80,101
77,74,73,100
51,122,8,71
102,84,103,107
104,32,15,65
88,93,104,39
61,75,57,131
87,101,27,37
54,73,91,106
107,17,79,49
62,45,43,102
66,40,105,41
58,62,107,97
20,78,101,53
109,82,84,85
83,94,111,72
39,81,64,104
50,23,73,106
84,74,100,66
96,30,83,115
92,100,92,4
65,97,108,54
82,37,68,101
83,42,109,54
88,74,55,107
109,68,71,40
33,109,62,84
63,108,52,101
103,86,84,87
26,73,103,86
103,87,73,61
52,106,69,61
86,44,106,88
81,85,103,91
85,98,77,100
110,76,80,22
126,91,78,65
103,25,26,62
74,26,115,73
60,110,59,95
96,111,112,77
113,78,50,83
27,42,80,103
113,84,90,109
115,80,86,79
27,101,94,66
102,74,119,65
98,121,89,88
119,24,51,58
100,65,104,55
113,102,92,89
19,43,114,76
69,50,69,100
43,102,76,67
90,105,41,88
72,88,63,101
74,61,106,83
82,119,90,69
38,103,52,23
108,28,34,46
100,68,45,39
85,55,71,113
35,78,110,65
112,20,11,73
85,81,109,85
74,100,30,48
57,101,47,47
38,47,67,100
105,90,67,26
82,113,83,82
83,72,92,113
41,63,108,40
108,44,88,48
93,70,112,85
102,28,68,54
91,67,112,90
82,91,104,83
45,99,30,114
102,43,44,63
90,105,84,81
79,63,100,82
81,103,86,90
16,112,39,49
55,112,57,28
15,112,74,87
37,61,100,54
104,74,49,97
27,102,40,11
114,21,36,9
49,39,104,24
19,106,63,28
106,60,50,72
84,107,52,45
83,65,100,40
42,43,106,61
45,33,101,37
74,111,17,86
101,59,65,99
4,68,109,71
75,111,19,83
16,28,106,30
107,16,89,76
113,41,72,98
69,50,103,30
40,79,103,66
34,110,43,101
71,100,48,33
78,60,50,100
24,106,72,50
33,66,111,42
110,24,45,37
51,103,92,42
70,54,16,112
115,64,67,78
53,22,28,113
117,97,71,75
72,104,64,48
67,105,32,84
50,68,30,104
108,82,79,91
21,74,48,109
56,76,41,115
99,64,121,40
124,85,36,79
37,113,4,26
35,46,117,90
79,45,100,100
75,75,66,108
101,110,28,85
51,85,106,82
62,75,103,84
120,35,61,72
103,40,59,86
99,131,75,91
102,83,51,52
99,108,80,73
57,110,72,85
107,89,72,56
61,105,51,71
90,75,105,90
101,42,76,69
92,98,106,64
35,26,47,108
33,59,24,100
65,127,41,55
104,59,92,33
104,59,84,41
87,37,114,86
100,30,79,79
64,121,42,61
10,41,126,75
104,45,19,48
65,71,110,78
94,111,83,72
110,82,99,69
51,55,22,124
80,100,24,84
67,64,88,105
31,8,32,109
100,31,35,14
77,123,60,64
81,105,79,23
101,106,105,84
70,105,92,57
105,74,89,20
135,95,56,110
108,63,104,85
114,53,2,47
75,39,105,69
45,37,28,106
68,91,105,60
60,112,72,44
110,94,69,51
109,58,77,80
62,101,60,65
59,110,46,37
41,70,70,107
46,86,109,83
66,101,45,40
72,74,100,78
99,42,66,117
69,76,108,71
82,65,59,118
57,57,117,93
83,96,102,43
61,47,28,116
9,47,22,102
108,74,72,70
82,116,47,43
67,74,108,75
64,79,81,100
109,93,101,93
10,20,39,111
91,62,32,103
100,96,76,88
65,35,48,104
61,112,111,76
68,55,103,62
82,63,98,117
63,97,87,113
67,103,113,77
77,73,104,106
102,34,54,62
120,91,66,83
46,72,103,67
33,65,81,109
104,65,50,69
68,49,100,71
131,67,90,36
92,40,100,20
108,60,60,60
33,23,106,90
57,72,52,107
101,109,87,99
103,54,45,86
21,101,61,69
74,106,72,72
93,72,93,102
62,101,75,86
80,126,77,77
83,69,66,106
77,54,114,79
85,105,33,29
111,83,65,101
105,81,39,63
109,88,53,74
105,35,38,74
90,77,91,102
102,22,69,59
70,57,84,113
77,79,92,112
111,14,34,93
82,85,108,85
33,53,39,127
112,83,60,105
101,70,106,83
44,35,26,111
55,92,107,106
56,114,27,55
111,81,68,100
80,94,85,101
62,32,112,46
101,69,71,83
84,50,47,107
108,94,58,64
107,38,54,53
78,52,101,57
101,58,62,67
114,88,88,34
39,46,56,111
69,62,39,118
81,55,127,61
54,58,27,113
101,77,36,74
22,81,117,32
107,90,88,75
109,87,84,8
26,52,106,104
106,83,107,64
109,56,2,49
100,54,83,123
62,104,102,56
101,90,31,102
106,57,80,81
102,54,71,25
89,100,49,50
99,81,43,101
113,43,69,63
56,31,102,99
52,119,102,51
59,118,0,75
46,29,101,76
70,73,111,34
64,120,67,37
135,80,113,68
69,114,21,84
24,101,73,54
70,66,132,92
104,95,66,59
75,70,109,106
19,25,36,100
100,57,77,126
106,120,93,77
101,56,97,34
98,58,85,119
107,50,80,87
70,93,51,110
72,56,58,102
82,43,100,27
69,46,60,113
64,112,46,66
10,37,111,94
71,114,88,51
86,72,108,58
109,86,61,32
74,87,43,120
81,34,104,33
89,72,61,102
86,111,61,30
71,104,63,86
82,79,104,59
109,51,68,60
75,113,42,58
81,97,103,79
63,110,96,91
103,43,11,23
117,68,102,37
96,94,65,105
82,110,38,58
102,79,69,110
84,41,109,54
45,94,106,43
32,26,44,114
62,116,99,83
105,82,78,59
76,100,35,77
68,43,116,97
113,68,61,46
69,87,100,68
78,66,44,100
44,121,100,59
84,104,114,58
107,109,101,79
86,100,49,17
112,14,80,82
93,25,58,112
116,56,20,60
101,69,95,59
81,105,34,68
75,107,89,89
16,67,109,24
84,64,118,94
82,108,51,83
81,103,73,103
105,116,89,86
104,58,82,116
115,70,35,104
60,129,70,101
63,106,92,63
102,69,85,68
58,100,44,50
89,118,89,100
58,70,82,114
107,53,110,90
105,32,51,64
42,55,103,52
99,113,83,29
59,60,105,64
37,102,44,69
109,45,25,73
81,71,116,92
128,96,51,85
85,46,101,92
21,62,102,103
102,111,51,96
108,17,64,99
24,119,31,42
39,103,49,25
108,17,82,45
118,64,79,27
55,37,103,57
106,99,78,77
101,81,69,37
17,73,52,110
75,99,47,103
35,116,65,72
115,45,41,87
59,117,49,63
17,104,87,44
49,114,72,53
52,57,4,103
99,71,92,134
76,101,86,97
60,103,72,53
65,96,99,100
74,70,109,107
57,114,45,36
41,105,75,31
78,101,91,54
85,58,102,79
87,74,101,62
119,16,90,63
61,104,99,60
27,80,78,103
49,40,110,53
101,29,111,83
78,84,93,105
106,79,44,95
99,54,90,117
99,98,107,92
93,28,117,86
70,82,87,121
103,39,45,29
93,109,62,60
110,95,47,108
77,101,81,65
43,36,52,121
102,67,57,62
40,64,78,106
86,107,35,96
60,101,59,32
66,103,28,55
11,95,77,105
58,112,70,84
103,61,92,104
49,105,111,59
95,19,110,64
34,50,59,109
25,33,101,93
62,54,111,97
89,103,54,78
130,78,99,89
62,121,44,25
106,99,94,97
90,125,63,82
102,95,86,77
31,39,45,101
80,109,29,70
101,99,92,32
26,56,69,101
100,72,38,78
71,104,48,65
22,103,49,42
56,54,76,102
53,119,38,42
104,91,98,67
41,72,70,105
101,85,66,72
101,76,71,76
81,49,105,53
92,47,100,85
62,103,21,30
103,44,25,44
60,108,51,69
73,75,101,39
94,31,56,107
64,90,87,119
88,117,40,79
87,112,91,70
63,108,32,49
127,21,84,92
50,102,92,80
58,51,103,76
86,110,76,88
98,114,54,58
122,14,69,47
105,59,61,99
48,120,33,51
65,58,103,62
62,131,70,61
10,11,21,102
103,57,59,105
79,86,103,20
94,111,99,56
113,62,79,70
106,57,48,77
101,35,66,50
87,78,133,98
79,109,70,102
95,92,130,79
91,47,108,78
44,36,42,130
118,78,20,108
57,107,22,30
86,62,108,68
112,57,64,55
69,73,81,101
106,49,97,108
117,23,39,73
64,98,92,106
102,80,84,58
47,55,39,111
102,50,47,53
50,65,71,102
103,84,57,80
83,80,102,59
87,73,88,112
63,105,50,70
61,114,77,72
94,83,107,76
119,84,52,69
55,86,45,102
115,92,59,94
122,69,81,52
62,107,52,103
59,100,86,79
101,104,72,83
80,89,101,54
100,62,34,56
78,103,124,55
91,105,78,50
72,112,90,86
47,14,55,100
36,100,57,95
53,108,96,67
101,95,51,77
23,76,37,116
118,66,90,86
117,90,52,101
84,108,100,68
78,115,75,20
33,102,50,103
85,117,52,70
62,57,69,100
107,83,49,49
116,15,79,42
49,113,58,32
25,105,78,44
80,68,112,64
83,106,80,55
96,27,116,49
40,80,114,90
86,76,91,107
49,98,77,100
78,85,111,50
25,79,46,102
84,90,72,114
66,61,101,60
65,57,86,116
116,31,57,48
106,79,63,40
28,26,101,61
30,41,80,101
122,98,60,80
72,92,14,110
92,113,94,97
61,102,84,77
101,24,58,33
54,53,4,105
95,128,75,62
114,58,63,53
73,27,116,72
80,84,108,52
43,100,104,41
38,109,48,21
61,105,72,86
61,70,107,50
30,23,111,52
109,57,70,88
80,117,64,63
84,102,108,30
80,55,88,101
59,105,37,51
101,67,56,100
107,51,71,59
22,78,36,116
25,105,112,46
60,98,65,101
39,111,73,101
81,105,91,83
32,58,101,61
60,71,18,103
18,21,102,39
83,92,104,45
106,89,64,101
66,78,105,75
82,13,92,101
111,59,18,28
116,27,22,51
73,25,127,99
88,101,70,101
108,36,60,48
56,102,53,77
109,71,75,69
40,126,85,37
59,69,72,124
78,90,87,105
56,62,64,106
88,123,87,26
90,101,82,51
32,100,23,25
81,109,51,47
109,78,66,71
102,94,66,98
43,77,98,106
41,103,77,103
92,95,28,109
52,101,71,64
111,58,29,90
61,90,68,105
66,63,102,93
98,70,90,102
51,105,93,75
42,49,106,55
109,22,76,117
93,73,105,53
103,73,35,41
108,77,73,66
49,117,105,17
79,72,103,34
65,59,100,100
61,90,103,70
69,116,72,67
109,99,85,103
105,42,50,91
76,100,18,94
100,56,37,59
126,99,73,98
62,116,101,81
100,23,16,77
27,33,15,105
80,90,64,126
60,27,63,102
50,31,114,93
85,93,102,44
99,85,68,108
15,101,18,10
102,78,66,42
95,57,57,115
69,33,73,113
83,107,67,103
64,104,76,80
113,79,67,65
101,88,77,58
94,84,44,102
36,64,110,78
111,71,93,85
103,49,44,56
81,113,77,89
49,106,49,48
93,22,100,37
58,105,43,46
11,31,101,37
67,70,101,50
66,105,75,6
30,34,66,122
95,82,74,109
108,25,56,63
59,73,81,111
36,36,110,70
96,91,92,117
106,66,23,57
88,83,89,100
76,60,103,49
120,77,87,76
79,101,66,78
119,77,85,43
71,108,87,94
46,101,22,11
92,97,114,93
93,81,108,78
66,84,72,102
53,77,100,58
84,97,63,116
64,57,25,106
65,52,106,101
92,63,102,67
15,113,82,42
56,62,114,56
113,54,53,104
95,110,52,31
119,52,60,57
44,102,53,89
37,97,108,82
40,123,29,24
30,102,27,57
109,49,65,65
61,51,89,123
68,33,110,77
87,122,76,75
50,115,85,38
51,105,102,102
68,119,66,35
35,87,115,87
39,69,108,72
46,105,29,36
57,92,102,73
37,64,87,100
85,76,59,104
70,94,105,55
25,50,116,61
67,50,113,22
66,63,102,93
49,81,110,48
95,84,105,76
114,22,55,25
55,38,117,78
75,105,23,49
38,23,42,113
29,21,124,78
70,100,53,29
45,111,75,57
61,57,110,60
18,76,111,47
62,116,103,43
64,103,77,44
30,90,105,99
105,48,70,65
76,115,50,83
43,106,72,103
56,53,126,53
55,7,38,116
57,64,99,104
58,61,121,84
69,101,81,73
26,112,48,30
95,96,95,110
38,19,117,78
100,52,59,77
81,89,113,41
57,95,109,63
94,102,101,99
102,26,45,43
32,73,79,104
82,113,45,84
47,36,66,103
103,83,77,61
55,107,81,45
27,47,33,109
100,84,94,118
73,99,104,84
67,34,109,78
94,51,103,76
49,100,67,72
39,103,87,95
100,30,68,54
39,117,66,66
102,106,97,55
58,80,46,104
49,107,59,73
106,90,52,76
110,48,73,57
74,111,35,32
94,74,20,100
55,95,98,112
100,102,60,26
101,49,16,14
50,121,58,59
107,64,35,82
89,96,93,118
88,84,69,119
84,103,88,85
43,40,105,64
46,100,24,82
96,100,71,57
71,101,91,61
50,83,53,102
102,84,111,63
33,103,44,72
100,34,28,54
71,66,106,81
64,62,62,100
37,100,65,50
83,126,65,14
97,77,78,108
81,80,104,59
39,99,100,50
101,62,43,46
90,115,85,34
90,39,122,37
71,77,123,53
101,80,53,54
89,95,101,111
76,71,103,38
114,96,129,93
100,48,36,68
121,89,64,86
64,104,47,73
70,30,42,110
100,34,8,74
97,24,62,105
59,118,86,97
54,56,105,73
102,58,20,72
103,27,76,46
83,64,116,61
35,35,106,76
111,18,45,42
85,87,101,87
55,107,82,44
32,37,43,104
74,29,104,45
36,113,102,37
68,78,72,106
25,101,93,69
78,81,106,59
14,59,130,49
47,36,26,107
91,71,84,114
68,108,0,76
76,34,69,109
55,117,91,97
32,37,103,44
46,86,108,84
101,86,66,71
90,115,56,99
107,96,28,21
68,88,55,113
35,103,21,57
99,127,93,41
48,87,53,100
100,98,35,55
104,56,54,74
105,84,51,48
75,72,105,108
80,115,30,63
46,108,66,68
52,100,85,51
108,52,89,75
85,88,101,50
24,58,70,100
50,105,23,74
88,112,74,86
132,38,116,74
79,103,81,61
105,31,84,68
85,74,104,97
108,78,79,95
40,104,110,70
104,71,16,97
105,6,23,10
93,104,67,96
40,83,122,43
101,1,92,94
60,23,104,101
79,81,108,56
100,44,54,90
48,31,36,101
98,103,98,61
94,112,96,94
55,108,63,98
75,104,90,55
82,45,111,86
94,43,47,104
79,66,62,117
81,91,85,103
71,51,66,100
83,54,111,76
49,103,79,21
71,69,77,107
63,104,16,33
42,116,60,70
99,94,112,91
93,104,75,88
88,47,51,102
38,106,48,24
74,85,103,98
65,69,120,70
88,104,55,77
108,70,101,45
73,81,51,119
100,81,48,95
83,101,121,91
89,91,75,105
7,69,102,74
44,71,92,117
108,78,42,96
110,83,63,68
52,67,113,56
39,101,51,61
88,108,44,48
73,113,110,64
104,49,56,43
28,121,87,52
82,60,100,46
36,81,108,99
63,108,74,79
40,49,53,110
64,104,68,52
117,93,60,54
39,27,109,41
65,45,102,76
103,91,38,56
107,32,102,83
102,92,70,96
101,75,77,71
63,115,82,64
120,70,69,29
95,99,110,92
81,96,70,113
65,63,105,91
34,47,56,115
101,86,74,99
91,118,94,93
78,37,65,108
90,128,66,40
75,34,35,108
51,111,95,103
103,83,59,79
22,63,105,26
84,19,84,101
109,62,67,86
105,60,39,84
81,108,60,39
91,103,30,64
42,39,103,68
112,45,33,62
36,105,42,69
38,101,29,48
65,54,112,57
53,109,57,33
120,65,95,80
82,115,90,37
103,74,49,62
9,107,34,30
10,100,74,32
59,100,28,65
55,51,82,100
26,28,109,53
96,91,103,106
76,109,81,58
96,117,69,42
94,56,100,74
104,45,98,77
73,114,51,86
70,116,82,56
35,95,55,103
27,22,57,110
50,47,48,107
79,108,73,64
64,116,54,54
91,104,48,45
105,71,69,79
38,75,64,111
83,104,77,96
19,59,96,114
72,94,93,101
50,53,113,36
56,84,45,103
55,101,69,63
76,73,40,135
81,75,100,68
67,71,83,103
30,58,60,104
81,51,89,103
59,68,103,58
41,74,113,60
5,100,59,52
85,64,36,103
39,89,112,84
74,72,112,102
45,75,118,50
60,109,107,84
73,53,123,75
27,110,57,58
82,103,78,97
98,114,79,69
47,105,36,28
56,101,78,53
62,27,121,42
102,74,46,102
45,70,70,103
72,104,63,49
47,27,42,100
45,102,20,49
67,24,105,20
31,88,66,103
105,31,75,41
43,114,46,13
19,76,54,103
94,56,1,101
70,102,97,91
33,85,112,58
60,45,42,105
96,64,57,107
82,112,32,62
102,30,72,84
95,68,108,53
67,79,116,26
25,27,103,25
60,96,104,64
84,70,104,66
41,90,106,87
102,36,34,44
84,51,52,101
92,89,109,70
93,83,109,75
82,113,61,32
98,78,78,106
93,89,124,54
77,98,48,101
32,18,101,29
87,72,62,103
100,34,46,36
81,79,102,98
25,40,121,30
106,88,89,77
24,100,76,88
131,85,45,63
46,111,65,30
29,24,103,60
79,87,91,103
110,77,25,76
52,62,102,72
57,83,39,109
44,36,112,60
95,33,114,82
81,95,103,81
43,46,100,63
63,88,102,71
67,36,35,114
54,79,100,55
56,114,56,98
7,101,48,96
69,52,104,27
79,120,57,32
78,107,112,27
89,112,68,91
51,83,78,112
68,85,103,68
75,99,85,101
31,110,47,64
55,104,105,96
85,79,106,90
42,101,61,84
74,117,93,76
107,88,56,73
102,86,87,85
112,63,96,53
76,44,105,99
93,107,80,44
66,101,94,63
105,63,43,41
66,100,31,55
110,72,74,68
62,56,118,88
115,103,83,95
53,114,96,97
104,49,42,57
6,62,65,119
101,47,107,69
115,66,71,72
104,59,33,56
8,72,101,107
104,91,46,119
87,49,76,112
61,40,47,104
40,102,97,85
108,95,65,20
95,99,57,109
130,49,31,42
104,41,85,94
103,65,58,98
71,106,48,63
93,94,103,106
69,108,73,74
110,58,93,99
76,123,44,45
63,65,105,91
46,69,107,102
102,68,98,92
112,26,66,84
120,49,25,94
75,93,47,109
103,41,35,73
106,66,78,74
57,82,100,121
66,55,60,107
61,38,82,107
70,123,67,100
110,33,86,59
82,115,70,93
89,74,101,60
83,104,70,103
97,108,61,58
52,111,70,91
117,24,81,102
95,17,102,74
45,82,102,95
36,105,26,49
84,69,108,63
93,55,102,74
52,110,87,39
96,29,53,110
102,37,42,71
29,91,110,94
103,74,62,49
102,82,56,48
18,35,114,49
111,50,69,58
11,45,109,51
88,130,52,54
40,63,101,48
75,33,112,68
97,106,82,75
45,28,103,40
60,80,80,104
110,80,64,34
113,45,79,15
112,101,56,91
58,51,112,67
35,64,12,105
66,126,93,39
104,69,68,47
86,51,106,81
110,44,39,59
43,111,47,15
84,80,92,104
116,87,61,96
51,111,105,57
54,94,93,119
54,83,47,104
96,103,58,67
27,113,77,71
53,36,104,95
32,80,106,70
46,53,108,81
57,88,125,18
106,86,72,96
103,50,101,106
67,81,92,120
79,104,46,95
56,107,88,73
37,90,48,113
52,83,122,103
100,45,67,40
88,80,92,100
109,19,19,33
49,113,25,65
56,84,83,101
100,83,31,74
27,93,108,60
52,66,66,104
107,84,70,63
113,39,22,42
32,42,32,110
23,49,106,74
95,106,43,80
123,35,83,83
50,50,111,77
24,78,115,107
51,22,36,107
108,23,21,64
79,100,85,60
70,94,104,56
104,75,57,16
59,100,41,52
75,104,9,64
60,92,70,102
64,90,51,119
78,110,96,76
94,75,103,52
104,71,95,90
17,98,22,115
55,87,116,30
114,112,40,58
57,26,58,111
108,54,99,63
82,63,107,36
67,45,64,112
61,108,101,54
114,67,94,85
48,104,81,19
87,53,106,78
115,21,61,91
75,55,94,100
95,88,104,109
110,78,97,75
43,40,114,91
72,102,48,66
100,73,94,21
59,43,75,111
97,116,87,60
29,100,45,42
108,87,78,51
112,112,24,76
114,90,97,95
52,103,94,75
80,82,117,81
80,112,90,78
26,72,47,107
96,73,108,83
111,102,84,99
56,102,78,88
62,95,64,103
98,94,103,101
79,55,87,103
106,57,99,26
37,74,100,77
41,26,12,101
78,111,51,12
85,45,106,52
83,109,89,79
106,86,91,77
103,94,54,109
73,27,109,43
69,40,63,116
79,59,46,104
100,47,38,103
108,77,56,83
98,70,67,125
72,108,107,109
107,83,58,40
32,48,69,103
104,75,66,79
105,95,24,28
62,55,123,48
31,102,0,47
100,67,101,56
56,31,106,59
64,117,22,13
78,83,100,63
43,102,50,57
96,103,65,60
63,93,105,99
72,100,38,78
39,35,66,112
76,84,96,104
27,119,95,47
62,81,107,110
90,102,88,44
101,57,89,77
108,41,27,76
101,82,68,109
29,19,100,68
99,91,68,102
112,48,37,91
26,53,128,45
89,112,87,108
58,57,101,72
10,40,58,108
108,48,52,44
100,50,46,56
110,50,27,101
87,84,88,101
84,116,97,99
84,107,106,99
31,23,84,114
75,90,58,101
84,95,100,45
102,59,61,102
57,58,68,105
56,70,91,107
39,75,97,113
11,113,14,6
64,73,31,120
72,113,42,25
54,111,79,44
82,67,105,70
93,57,113,97
58,110,57,63
109,44,66,105
88,104,79,89
32,105,135,124
71,86,95,108
34,116,15,51
99,59,15,115
102,93,38,55
47,50,81,110
108,88,79,85
51,44,86,107
55,53,106,74
37,63,50,102
68,75,44,101
106,41,41,64
72,81,101,34
52,31,26,107
97,82,120,97
90,112,28,58
125,69,79,51
105,89,96,70
43,49,95,101
104,79,82,95
111,74,61,42
92,115,30,15
107,94,59,64
110,72,51,55
43,89,127,65
62,70,100,56
99,54,34,101
78,16,100,22
107,21,75,49
28,100,34,18
59,111,66,88
101,102,113,80
55,83,76,110
66,92,58,108
68,20,102,62
25,101,62,64
47,103,62,76
73,78,60,113
107,112,95,82
79,103,77,29
53,121,68,46
36,62,101,89
70,59,80,115
100,96,97,103
86,48,80,110
82,100,83,59
104,78,42,64
106,71,73,74
79,81,51,113
25,84,75,104
99,55,111,59
76,85,107,20
41,55,51,105
122,90,82,102
44,102,64,42
107,105,55,93
65,68,120,71
100,40,69,79
57,77,106,84
69,87,81,123
61,40,85,102
35,113,39,65
50,78,109,51
72,50,59,107
100,49,86,53
69,100,68,87
116,41,72,59
71,95,55,103
51,96,76,101
31,103,39,43
105,24,12,39
50,59,54,125
51,116,62,23
119,17,14,66
101,92,33,62
27,35,105,85
53,87,81,103
87,101,50,50
55,106,62,101
56,16,109,107
33,81,95,115
107,74,61,46
106,76,104,74
73,86,54,111
102,85,82,91
102,54,81,87
84,81,117,78
127,74,97,98
125,57,52,54
73,40,57,118
80,103,39,30
58,100,60,34
76,82,57,109
70,38,42,102
106,66,63,53
86,94,63,117
95,128,28,73
54,8,106,48
71,106,94,53
106,46,84,88
37,20,111,48
82,101,44,97
93,93,71,103
102,107,112,75
99,102,58,101
115,79,80,50
44,107,44,93
106,55,112,51
31,35,85,101
93,92,100,75
66,57,103,98
68,108,17,59
93,20,75,100
69,59,91,105
62,15,98,113
107,53,32,60
87,42,103,92
32,127,49,44
36,101,77,38
22,45,46,103
79,65,133,47
36,74,103,111
110,72,53,53
35,121,1,59
105,67,97,91
51,54,107,112
118,94,70,42
35,99,49,105
100,49,33,70
104,65,48,35
58,43,49,102
48,76,99,101
111,42,98,37
45,93,83,103
63,47,40,102
55,94,69,106
124,92,45,99
44,63,56,125
41,101,83,27
68,99,101,92
100,65,77,46
110,97,98,91
41,71,106,70
126,65,82,87
116,42,36,22
62,107,65,90
11,111,48,46
31,112,80,65
114,48,66,96
52,27,103,70
78,69,76,101
78,117,93,36
102,70,76,40
37,125,91,71
101,37,30,48
104,90,71,59
71,107,56,54
45,19,109,43
74,84,61,105
105,71,87,25
40,104,98,10
20,64,60,108
47,58,45,102
100,90,42,56
41,10,128,37
69,89,57,109
60,110,55,99
63,74,47,104
94,98,56,112
109,48,68,63
64,47,106,71
103,91,36,22
64,106,60,58
101,43,83,97
41,70,37,104
84,93,80,103
110,94,81,75
38,44,67,103
83,42,63,100
99,78,105,78
24,51,33,108
93,116,100,87
107,26,51,68
57,49,103,43
85,122,66,87
108,56,49,111
89,115,66,54
34,75,110,105
108,67,93,92
51,37,50,114
83,97,103,77
87,94,108,35
56,31,103,26
61,100,67,96
44,48,111,49
94,124,93,49
66,101,78,79
111,86,84,79
103,65,72,84
42,105,86,55
34,68,111,39
66,103,33,50
95,60,97,108
81,26,39,106
101,81,59,83
105,71,44,32
90,55,24,119
40,101,25,50
94,97,111,22
100,99,82,79
106,30,92,24
80,110,55,79
90,79,114,77
99,49,62,114
109,110,100,77
40,46,52,114
60,40,84,104
27,102,108,51
84,100,94,82
60,94,103,67
119,75,84,82
89,62,101,72
99,45,76,104
114,84,117,81
58,65,26,103
120,61,68,75
72,102,59,91
43,103,94,12
111,38,65,74
83,50,103,88
85,59,119,133
69,112,74,105
41,89,83,111
36,30,103,83
81,107,46,54
30,33,107,46
47,67,8,130
30,105,56,97
117,43,91,37
84,69,107,100
65,51,36,100
99,46,75,104
62,104,38,48
67,91,89,113
115,100,57,52
30,61,109,52
106,34,70,42
75,93,103,89
86,87,51,100
12,68,72,100
103,36,112,73
80,104,98,78
102,49,92,45
81,115,74,54
64,94,110,56
64,77,44,103
70,94,105,91
27,41,83,101
96,85,71,108
57,86,77,104
87,103,70,28
54,52,46,100
53,21,41,101
80,70,59,115
7,104,24,45
35,100,80,37
57,48,109,110
69,59,53,107
68,74,79,103
111,89,74,50
101,57,36,94
100,56,100,104
96,76,75,113
96,92,65,107
86,122,75,77
75,64,81,104
76,32,106,74
101,76,20,55
51,20,32,113
40,60,42,110
81,117,29,25
97,105,63,95
66,85,117,92
83,33,101,71
64,79,102,79
81,111,89,79
128,59,49,52
101,85,89,85
63,8,102,43
83,56,105,80
106,64,22,60
43,111,75,59
86,101,34,67
55,77,52,104
115,95,54,96
49,62,100,41
82,117,68,57
44,107,62,39
89,105,46,120
115,104,61,80
47,56,47,102
41,100,107,40
81,87,114,114
115,72,99,74
63,74,70,117
114,59,48,31
81,89,72,118
86,43,107,88
77,93,78,112
54,101,77,92
120,118,73,13
76,95,120,33
49,48,123,68
39,98,38,113
56,28,114,54
108,55,81,80
24,63,63,102
74,59,103,88
64,55,107,62
32,79,75,102
127,84,101,84
119,111,53,113
44,48,101,95
100,110,91,95
6,109,77,60
27,63,106,56
36,102,86,100
86,84,89,101
93,51,102,78
128,35,42,47
96,103,67,22
32,69,36,115
53,68,104,99
110,37,68,37
108,114,55,119
76,57,18,101
37,0,101,6
36,54,93,105
110,50,91,73
99,66,56,103
66,112,72,74
106,41,43,26
21,67,82,118
100,34,92,98
63,100,57,68
77,84,113,50
117,96,75,72
57,63,100,68
45,63,75,105
54,73,93,104
46,16,12,106
34,106,53,59
59,68,105,56
65,101,37,85
29,100,63,60
111,81,72,96
103,76,40,33
36,60,36,120
103,70,71,116
81,79,52,112
36,60,103,53
92,102,87,79
84,101,83,92
86,66,22,114
107,57,93,103
103,73,76,72
113,69,121,93
65,80,103,112
103,44,96,45
87,63,73,101
105,16,46,13
98,109,98,55
55,100,90,79
93,57,112,26
64,40,102,82
48,103,45,56
56,115,44,73
15,116,18,67
98,63,132,67
92,64,109,95
69,115,31,73
45,56,117,70
105,110,77,104
56,71,132,101
86,103,93,42
102,71,74,77
28,73,37,114
107,88,48,81
95,64,111,54
103,97,41,83
101,47,49,55
92,102,103,63
40,121,64,27
69,100,85,34
43,113,74,58
89,100,35,64
104,96,65,59
102,84,56,46
103,44,60,45
16,102,59,39
76,100,43,69
64,53,103,68
32,112,57,51
93,104,75,88
31,104,46,71
32,49,108,99
100,86,86,88
54,56,108,70
80,59,80,105
83,79,111,87
7,99,102,44
98,55,110,61
86,104,89,81
53,24,103,36
53,77,48,110
87,97,101,39
103,49,116,92
17,114,49,36
63,82,109,70
122,88,90,60
105,42,35,106
105,58,73,52
111,75,25,77
20,100,60,36
50,104,126,80
62,53,110,99
113,55,53,67
72,91,79,118
77,96,108,79
77,115,55,77
84,100,108,68
74,74,103,73
81,113,90,40
51,73,94,106
54,101,55,78
71,29,50,102
77,100,56,55
81,80,62,101
30,47,115,96
86,64,33,105
58,94,127,81
101,95,67,25
74,112,41,97
97,69,102,92
122,94,42,66
35,41,58,118
101,103,39,81
87,105,69,27
28,17,100,35
54,108,86,76
101,67,91,65
47,111,53,77
111,50,49,78
60,32,121,39
69,97,102,56
100,26,11,43
22,54,76,100
85,129,89,93
73,101,88,98
72,110,97,81
70,70,84,100
47,14,102,17
54,68,102,28
103,50,41,58
38,40,101,37
27,108,101,52
69,48,110,97
97,91,116,56
38,31,36,111
58,114,47,69
54,53,128,17
91,103,75,91
124,50,97,53
30,115,19,52
56,35,85,112
108,63,20,25
89,44,111,44
63,90,106,65
51,52,72,113
74,24,108,46
82,57,82,103
56,104,51,77
126,94,68,72
95,96,65,104
89,105,33,97
27,7,102,8
51,43,104,18
113,105,97,81
44,43,110,91
101,61,19,71
112,56,62,58
113,66,75,34
51,53,109,75
49,107,108,96
68,29,54,101
51,50,103,48
56,108,37,51
81,102,70,107
46,81,94,103
90,56,112,66
106,93,52,37
28,30,89,105
36,92,108,52
58,54,112,100
102,110,63,49
39,65,117,31
55,44,113,40
85,123,11,69
38,42,27,109
46,74,99,105
112,108,48,56
52,38,61,101
49,25,104,38
5,12,101,62
18,51,42,105
103,96,66,95
36,64,74,114
81,47,126,106
82,109,59,74
55,101,53,79
100,41,76,71
81,75,108,60
58,97,95,110
59,101,50,78
71,104,60,89
88,66,100,70
104,68,59,93
103,72,102,83
70,33,104,81
36,118,45,53
42,105,98,79
100,16,79,57
108,56,86,74
99,25,108,20
103,91,68,62
31,93,59,105
126,77,49,108
102,28,20,30
70,113,69,108
100,80,99,45
80,50,89,105
39,111,62,40
56,78,109,81
106,65,49,104
104,47,17,48
42,125,48,73
33,104,68,47
45,98,100,45
100,112,92,92
77,106,87,90
72,75,102,111
101,60,90,37
67,103,47,71
49,60,105,74
92,98,53,117
101,98,80,45
20,21,113,62
52,105,102,29
111,101,65,83
86,56,7,103
104,109,65,82
58,88,22,120
62,52,100,74
60,62,101,101
60,54,107,67
114,80,32,98
111,96,87,66
101,39,61,51
42,106,77,99
29,121,49,89
38,100,37,41
92,36,101,59
67,76,42,103
70,73,106,111
70,55,10,117
117,83,78,82
30,103,51,68
46,31,69,106
39,101,52,60
96,94,116,54
29,100,95,64
114,34,98,42
70,111,87,92
104,109,72,39
77,61,100,50
91,104,98,67
41,101,51,59
88,92,103,77
105,81,72,30
75,95,105,49
46,104,105,69
56,103,57,72
80,105,38,101
77,116,82,49
110,37,61,44
101,91,58,74
49,68,100,71
50,62,114,62
65,71,104,48
118,87,67,52
93,29,114,88
78,82,102,62
116,48,86,110
97,108,94,61
32,94,103,23
125,12,16,27
55,60,27,110
39,39,116,22
42,83,106,93
88,93,106,37
106,98,70,86
37,64,47,104
64,40,31,117
70,104,66,84
75,56,57,100
42,119,77,50
118,66,24,80
26,72,107,83
91,85,78,106
10,86,82,110
61,100,65,62
106,64,92,62
39,36,115,26
34,58,115,81
71,64,88,101
66,115,85,94
40,88,103,93
69,85,104,30
85,114,88,73
53,68,63,104
102,102,77,43
63,41,46,102
73,85,113,89
57,84,107,112
57,83,114,70
102,46,48,92
58,105,48,41
105,67,59,93
67,60,121,76
73,101,58,92
102,107,88,63
50,58,74,106
95,101,104,60
71,106,82,101
116,64,43,65
38,26,51,101
38,111,39,64
87,83,89,101
64,111,20,21
64,92,107,97
51,51,113,73
78,118,74,90
62,109,52,101
53,79,90,102
101,41,64,82
46,101,70,71
100,96,100,64
112,42,29,105
42,101,51,94
83,79,95,103
68,85,68,103
49,49,44,110
74,53,101,96
37,73,37,105
27,53,113,59
105,89,47,47
76,45,25,106
66,63,103,92
117,34,32,69
82,81,90,107
27,100,10,7
87,35,42,124
46,45,24,101
50,111,43,84
109,72,90,89
12,27,108,33
125,81,45,73
78,45,26,103
99,77,47,101
104,32,21,23
120,80,50,74
107,47,23,75
113,77,88,82
81,59,103,45
44,100,97,83
68,37,102,45
107,31,66,48
92,65,116,87
105,89,8,50
83,93,82,102
93,47,66,118
63,101,85,75
108,73,81,98
109,57,108,50
73,74,39,102
135,129,106,62
104,40,0,36
102,70,92,96
72,50,86,116
105,83,72,100
73,106,93,52
62,103,99,60
15,62,39,100
106,33,76,73
111,43,99,71
64,55,52,117
98,76,37,113
65,110,99,86
103,48,80,57
63,80,117,100
103,38,73,38
59,111,45,109
101,87,104,68
84,19,85,100
81,70,36,101
90,50,108,76
45,106,13,52
33,28,113,42
54,72,101,61
15,104,45,52
33,100,83,72
106,52,55,39
109,81,66,68
109,49,13,81
116,84,98,98
53,108,47,80
77,82,102,63
93,101,68,62
101,52,93,78
84,114,64,62
81,106,85,88
56,102,77,89
47,49,108,48
101,60,87,76
70,103,94,93
23,64,29,100
40,109,15,52
51,111,65,97
103,42,31,40
64,73,49,102
104,79,57,120
53,61,71,103
69,65,126,100
53,86,101,84
82,113,56,73
76,101,103,44
81,102,91,50
48,100,52,52
102,97,52,109
72,109,32,111
61,86,85,128
110,15,30,25
67,83,38,100
127,36,35,18
117,55,68,84
70,100,101,53
69,96,52,107
63,76,111,38
101,79,58,50
48,76,90,110
114,53,40,45
35,115,107,67
63,22,107,60
102,78,79,65
102,63,73,86
40,93,104,51
27,116,34,75
73,67,107,77
97,96,65,102
86,84,106,48
75,71,42,100
64,42,43,103
53,62,109,64
101,49,61,77
45,110,48,49
71,65,85,103
94,90,35,105
72,101,84,67
118,115,65,98
102,84,76,62
117,61,109,73
41,52,48,111
100,48,78,26
79,100,56,89
101,76,26,49
46,41,108,93
101,65,67,91
121,71,80,88
106,103,75,76
112,49,40,87
60,102,46,44
51,101,36,28
79,87,100,94
106,88,63,67
80,76,109,23
103,73,22,54
75,59,75,115
97,87,109,67
65,68,101,54
98,60,100,102
103,10,46,57
31,78,56,123
54,12,81,105
112,97,111,40
29,31,87,105
132,73,33,86
88,106,45,13
77,84,104,95
81,100,53,54
67,100,105,16
8,65,113,66
110,66,79,69
70,52,100,66
76,84,22,106
94,102,72,56
86,55,40,107
40,109,14,17
11,104,75,98
52,61,107,68
105,50,55,78
63,91,121,49
118,38,75,57
93,90,71,106
122,88,39,75
76,107,102,39
41,30,113,32
105,51,73,95
102,56,61,69
67,111,77,69
68,100,12,36
76,66,104,78
50,110,116,48
39,68,102,43
22,59,101,70
108,55,64,97
59,109,22,98
108,73,50,57
131,53,106,70
78,85,100,97
91,76,116,77
69,65,83,107
102,81,86,55
59,66,101,62
66,82,90,122
51,104,12,49
60,102,82,44
55,76,48,109
13,86,53,100
81,112,83,48
112,98,132,90
74,84,62,104
100,98,89,109
78,108,108,66
102,37,41,36
67,60,106,91
59,78,108,43
103,84,73,64
61,43,45,103
125,30,58,39
88,67,89,116
68,52,66,102
106,81,75,62
70,107,46,29
80,31,124,17
54,107,65,62
32,33,107,44
76,99,100,85
105,70,45,32
106,46,10,18
42,90,101,55
76,53,106,53
122,57,103,78
76,129,94,97
104,74,96,86
103,52,29,32
109,113,104,70
74,88,103,95
81,108,95,76
26,55,28,107
73,59,18,102
103,54,60,35
85,80,75,120
123,61,57,83
84,64,101,111
77,56,120,107
72,66,61,125
45,100,13,94
63,98,116,83
46,60,110,72
95,99,102,100
86,52,26,124
32,62,100,58
97,59,108,60
9,48,100,23
68,103,91,98
121,103,82,90
71,49,60,108
66,103,98,93
46,70,104,68
50,54,78,106
90,44,84,106
63,32,81,112
80,57,114,73
89,77,78,116
49,68,33,102
113,36,78,25
33,106,48,65
26,104,98,96
41,98,83,102
66,103,89,66
52,102,49,13
104,109,52,59
111,56,52,33
83,47,55,103
93,81,106,44
16,108,73,55
61,112,70,81
71,51,97,105
62,55,121,50
18,47,104,83
66,78,103,41
18,98,53,119
49,105,76,58
69,76,89,126
82,73,59,110
47,103,46,92
88,103,47,50
100,63,19,70
103,26,75,84
101,62,80,45
100,61,52,75
72,94,115,79
111,57,98,58
85,64,69,106
93,125,42,100
71,86,95,108
52,119,102,51
87,72,101,64
11,76,62,103
100,78,55,55
104,46,62,76
96,115,64,85
99,91,65,105
90,82,88,100
72,101,67,12
100,70,31,51
92,47,34,115
83,74,131,36
67,51,121,85
99,17,68,104
39,20,102,55
102,37,88,61
93,91,87,125
92,75,116,77
48,103,74,63
59,62,101,30
76,74,19,119
103,77,56,52
59,105,51,73
88,103,70,99
105,14,66,67
74,68,108,74
68,21,111,88
46,37,31,102
85,58,73,108
90,45,121,104
87,100,81,56
42,32,61,117
40,101,95,52
74,65,36,113
73,106,59,86
47,101,35,69
41,87,90,106
45,76,101,66
86,113,51,74
102,110,61,87
67,64,45,112
85,115,41,83
77,76,109,98
52,101,61,74
99,106,27,92
41,73,58,116
78,62,114,70
50,48,103,87
80,109,68,103
49,103,47,53
103,103,82,72
78,115,54,77
49,13,40,114
85,71,88,116
17,21,101,77
66,107,49,66
71,106,52,95
108,64,67,49
47,115,94,68
67,70,45,106
106,70,74,74
54,105,105,60
101,40,55,56
19,55,36,106
17,56,105,74
108,76,59,45
73,27,105,83
71,43,31,107
74,17,110,15
107,98,88,67
98,76,116,106
54,37,58,103
97,94,95,110
51,109,102,62
80,67,119,58
53,22,106,35
89,39,89,107
54,60,68,106
58,92,72,102
108,111,98,79
67,119,88,86
107,62,76,79
93,113,58,60
87,110,71,92
101,64,98,97
49,105,47,51
83,88,114,75
57,37,78,116
105,86,72,61
114,72,68,70
47,72,103,66
67,94,111,88
58,117,56,93
104,101,67,52
113,43,48,84
71,48,68,101
115,105,95,45
79,76,115,54
72,30,86,100
81,109,33,101
93,62,102,31
101,60,86,77
82,27,62,117
101,71,101,87
47,22,103,8
110,31,18,57
109,53,50,76
97,101,89,109
69,130,71,126
81,80,94,105
60,46,45,101
106,37,65,44
48,58,106,76
130,76,28,90
121,80,97,62
100,30,51,71
29,111,69,43
110,34,64,80
72,69,76,107
84,85,86,105
79,40,100,69
120,51,74,43
107,66,83,68
101,73,67,47
44,76,101,31
100,75,63,86
24,43,100,49
72,99,129,60
105,47,104,68
94,74,92,100
80,104,1,67
126,50,64,84
7,34,105,34
97,93,107,99
118,52,93,61
54,75,107,88
65,93,112,54
120,57,19,20
61,64,63,100
85,101,77,97
52,5,94,101
102,89,99,34
93,82,118,31
90,86,117,31
85,56,111,72
95,37,37,119
48,65,115,96
35,34,111,36
99,108,83,34
37,22,104,53
78,36,73,101
47,79,105,93
73,27,111,41
16,82,50,104
71,56,95,102
62,71,89,102
59,72,86,107
46,102,45,59
113,89,80,42
88,17,109,38
120,50,81,73
69,60,102,57
45,46,103,58
83,72,108,97
79,54,101,90
106,102,128,60
82,117,65,60
83,112,99,102
66,83,73,102
63,117,43,65
91,74,105,90
19,70,105,22
77,46,123,42
111,53,102,94
69,76,78,101
104,74,60,50
59,100,110,91
44,68,100,76
101,69,29,53
69,34,128,21
93,19,109,31
60,78,50,100
37,104,56,55
105,22,68,57
39,46,59,108
51,82,54,101
59,96,59,110
83,105,69,67
111,75,72,102
92,106,86,40
73,117,48,50
69,82,97,112
108,96,75,81
102,79,51,20
105,66,54,63
105,55,99,65
63,109,103,85
60,75,114,75
104,45,97,78
73,101,64,50
95,114,70,81
111,77,90,82
40,84,111,53
98,109,93,60
101,56,90,41
92,74,54,104
32,78,103,39
101,67,81,111
103,11,24,42
25,103,49,75
76,62,46,104
81,75,118,86
97,80,68,115
93,101,62,68
101,15,94,42
100,95,95,70
92,106,110,52
40,49,101,62
102,121,17,48
100,77,75,36
91,81,101,87
81,58,48,101
75,108,78,63
117,69,102,36
88,71,97,104
34,103,23,56
97,74,103,86
102,102,89,67
77,72,115,96
105,74,57,88
113,90,57,28
80,113,79,52
41,88,95,100
65,66,103,54
48,37,57,110
102,42,34,38
94,103,29,98
82,111,97,70
27,85,70,106
58,71,100,95
87,68,101,68
56,34,46,116
87,73,111,53
69,100,74,45
34,85,64,105
49,99,112,100
90,52,111,35
101,99,83,77
68,113,73,70
102,62,21,67
118,71,76,95
83,76,92,109
51,78,127,32
73,102,51,62
22,102,117,83
57,101,54,76
107,71,53,21
90,38,78,118
73,70,79,102
76,95,108,81
51,85,104,48
101,64,84,39
93,68,45,118
89,68,37,130
40,25,100,51
3,28,39,110
41,57,100,54
49,55,122,26
111,57,92,64
73,112,85,90
29,55,102,30
103,23,46,44
60,37,103,16
77,102,42,103
51,100,34,31
39,26,27,124
54,54,115,65
101,90,61,72
55,51,81,101
91,60,101,72
77,104,62,81
52,120,61,91
61,98,105,96
113,69,53,53
84,104,111,61
105,80,93,82
81,40,64,103
55,63,32,102
84,91,47,102
99,86,127,120
106,98,77,79
86,70,62,106
38,88,103,59
87,100,100,73
109,71,64,44
57,86,45,100
51,104,42,55
84,78,104,94
117,75,92,40
106,67,88,63
63,75,67,119
75,72,100,41
58,103,112,87
68,68,61,127
108,79,75,62
44,21,85,102
62,64,121,77
63,61,25,103
76,61,103,48
111,70,66,41
68,77,117,26
55,76,83,110
82,39,26,105
102,47,106,69
85,120,72,83
9,103,11,21
56,103,55,74
91,32,109,92
12,111,69,96
38,39,25,114
107,86,52,79
15,14,102,13
52,43,50,107
82,108,106,64
100,110,72,78
54,52,82,100
93,87,63,117
107,83,46,52
108,74,52,90
50,24,33,109
62,106,91,101
109,22,42,43
76,66,106,76
90,103,73,94
87,94,73,106
22,75,105,14
108,52,52,76
32,63,105,88
105,112,31,76
111,46,39,56
44,104,88,52
70,64,41,113
13,55,113,35
76,93,109,82
106,78,49,55
40,80,107,61
102,73,86,63
102,89,62,107
102,66,45,75
51,61,30,110
59,59,69,101
63,77,80,104
123,27,65,37
88,90,101,81
100,70,55,99
114,98,98,86
69,109,71,75
63,110,90,97
112,58,94,96
94,91,103,108
49,104,94,77
104,89,67,28
61,110,45,36
59,29,105,95
112,87,84,77
65,88,82,125
98,95,94,109
107,94,49,74
63,108,93,60
89,103,83,85
68,67,17,100
84,71,95,110
76,105,94,49
98,105,96,25
37,104,99,84
34,120,92,42
105,55,113,87
50,86,107,81
100,17,43,56
87,94,107,36
70,44,98,112
129,74,127,102
23,74,54,101
103,41,72,108
84,52,50,102
54,88,45,101
110,83,21,74
15,25,36,104
61,100,50,113
21,97,77,129
79,58,117,70
131,95,98,36
54,98,113,95
56,40,128,64
103,42,30,113
7,83,97,101
81,55,88,100
89,86,102,83
125,73,97,65
85,90,101,48
47,42,95,104
65,75,127,57
34,12,108,26
104,84,55,45
93,101,60,70
30,17,33,100
104,101,100,91
99,80,70,111
46,106,72,100
94,110,98,94
56,75,117,40
79,113,44,88
93,100,83,48
52,102,68,102
43,55,43,111
106,62,53,31
121,76,53,110
104,79,109,68
117,76,33,98
62,72,89,101
116,93,25,54
43,21,100,52
58,111,86,69
70,101,79,74
75,88,129,68
107,55,62,28
66,82,107,105
80,125,72,83
67,92,65,100
102,66,104,88
101,82,37,32
58,93,65,108
105,47,83,53
74,47,112,91
64,106,48,70
114,43,45,86
76,66,9,101
87,112,79,46
54,48,74,112
117,90,98,91
86,92,111,107
36,82,68,102
19,49,105,7
90,65,114,91
100,34,64,54
103,60,73,52
124,81,67,88
113,52,23,100
82,101,90,87
103,80,38,67
57,32,56,107
102,95,17,110
64,102,26,60
74,101,44,69
44,130,58,92
65,104,33,50
89,75,106,54
105,103,82,70
84,62,78,100
101,48,62,77
118,24,38,36
95,80,64,121
93,87,80,100
64,101,38,49
15,101,58,42
38,39,111,64
93,102,24,105
107,72,89,92
43,41,63,105
69,103,86,66
15,114,40,47
69,100,72,47
120,125,100,15
54,107,39,52
75,57,85,107
84,49,100,55
106,53,50,79
124,68,109,95
54,17,41,104
95,60,115,54
97,101,103,95
87,117,94,98
35,24,54,103
120,37,77,90
114,65,21,52
8,126,61,93
77,119,81,83
52,112,38,86
49,108,108,23
69,60,101,94
72,104,55,93
81,129,111,111
103,35,99,51
124,31,25,72
31,121,62,74
103,91,89,41
62,113,68,81
100,49,75,64
89,50,102,47
104,90,63,67
71,105,76,108
49,37,58,108
78,28,101,81
82,97,44,101
114,83,67,60
101,76,54,93
48,81,101,58
21,87,101,43
95,114,71,44
38,118,32,28
104,62,74,84
39,106,65,78
54,66,112,56
83,48,103,54
29,45,107,35
33,34,33,116
102,43,39,68
55,72,130,67
41,47,102,62
100,61,40,51
32,100,47,73
70,61,77,116
62,107,48,35
102,22,37,55
105,57,102,24
58,108,27,23
64,109,66,85
27,66,100,59
59,109,9,39
102,97,83,78
41,73,57,117
51,73,58,106
101,89,69,65
81,71,71,101
66,58,118,46
112,75,60,77
63,101,75,85
57,34,91,106
120,88,94,94
93,87,102,78
59,64,114,51
67,65,88,104
121,76,73,90
74,24,81,109
83,70,120,87
69,85,112,94
108,109,73,34
35,102,22,57
112,77,89,82
92,100,86,82
52,92,77,103
52,93,103,76
61,50,103,74
27,80,45,100
84,105,99,108
69,122,42,55
32,102,30,52
100,67,83,110
81,105,61,77
63,105,63,93
71,64,102,51
41,104,29,42
89,90,114,31
65,71,49,103
115,68,15,54
55,90,43,100
75,102,88,59
52,72,84,116
101,101,60,62
64,77,111,72
38,64,102,48
33,67,101,87
106,71,47,64
24,100,53,75
56,43,119,70
92,107,102,95
107,37,65,79
17,112,63,24
107,52,51,42
50,116,77,45
68,108,75,73
75,17,105,91
60,68,115,81
26,71,91,100
10,110,37,59
112,85,34,57
111,96,80,73
105,27,23,61
39,46,29,102
109,69,85,25
100,73,91,96
72,112,82,94
63,66,51,108
118,43,75,88
94,98,111,57
34,105,75,74
84,105,80,55
35,70,110,37
103,47,43,59
74,101,73,76
85,60,112,67
38,40,18,120
79,40,109,60
61,99,98,102
97,106,99,94
28,65,103,56
120,69,73,98
47,101,81,95
67,54,48,119
25,61,30,100
64,78,46,100
38,57,16,105
52,91,79,102
66,130,71,93
54,46,117,71
105,20,45,118
112,30,45,29
103,90,53,78
63,67,106,52
36,49,63,104
63,85,108,32
65,103,34,86
78,106,75,29
29,101,40,46
127,31,56,38
100,69,15,68
71,92,110,51
78,74,113,131
80,50,124,34
100,72,94,58
110,60,48,34
86,53,47,102
81,92,105,46
85,86,114,111
82,102,80,96
58,99,101,102
38,43,123,48
87,84,73,116
89,106,52,77
92,60,63,109
109,60,68,51
116,58,72,78
65,123,82,54
92,58,105,69
103,54,79,88
66,118,82,58
16,103,51,46
100,125,83,88
68,102,89,65
112,71,60,81
75,115,106,100
103,48,65,36
41,59,86,102
80,53,83,108
67,79,117,25
102,29,75,82
55,65,111,93
103,100,112,81
112,88,77,83
59,76,88,101
69,46,99,110
52,54,82,100
54,48,103,47
84,42,104,94
43,88,103,90
44,116,37,91
89,103,28,104
100,59,61,32
95,103,64,98
81,51,54,102
90,58,115,61
84,108,89,79
46,115,42,85
107,90,89,74
60,108,84,36
101,62,76,85
60,36,111,45
84,47,105,88
107,59,49,37
54,94,45,131
107,62,56,99
101,63,53,35
40,127,71,86
105,36,63,48
91,51,114,32
77,78,110,23
49,29,103,35
91,36,105,56
90,69,65,100
42,87,132,99
58,112,47,35
85,100,66,109
64,51,115,22
71,73,104,76
40,100,23,17
61,109,73,81
48,43,90,107
110,55,52,71
63,94,111,92
95,79,77,109
66,79,76,103
111,53,24,100
73,75,102,110
43,54,86,105
79,76,104,65
89,84,79,108
56,86,81,101
102,107,38,113
100,102,40,82
41,113,66,104
102,20,46,48
114,110,84,88
104,54,51,43
100,94,85,45
37,47,59,109
36,118,29,69
50,68,100,106
71,107,73,73
74,116,74,96
107,48,89,80
73,77,114,24
112,40,82,90
55,112,57,28
37,102,96,89
91,103,19,111
28,116,54,90
59,121,39,33
84,66,31,107
65,33,118,72
82,107,15,48
76,66,101,81
50,100,100,74
101,92,69,62
86,88,84,102
118,10,55,69
81,25,65,117
61,68,103,56
105,74,63,82
88,47,109,80
59,54,101,110
106,63,63,56
61,103,76,48
21,107,82,42
51,30,57,114
50,107,93,110
67,61,88,108
54,18,121,59
104,38,66,8
30,38,106,6
81,125,119,71
84,94,94,124
60,109,83,36
75,104,89,20
105,89,118,48
113,107,96,80
122,33,81,88
77,114,102,67
102,58,57,71
17,110,54,71
75,76,99,110
103,76,64,45
45,75,110,58
75,105,74,106
35,80,102,35
89,118,84,105
55,46,100,51
41,61,70,116
84,106,16,46
104,17,66,65
84,102,53,49
40,101,63,12
17,40,56,103
70,56,81,117
88,79,83,110
63,70,86,105
45,54,82,107
44,107,74,63
81,94,121,64
30,80,48,130
33,100,43,76
75,95,122,68
61,105,92,66
49,42,110,51
41,50,102,59
19,49,82,102
42,102,33,75
47,99,114,64
30,64,93,101
82,118,65,95
110,48,38,92
102,102,63,93
111,78,89,46
109,97,93,61
56,49,115,68
77,101,44,102
78,79,115,88
69,107,62,86
115,28,22,15
124,114,81,113
74,86,102,62
100,71,40,77
49,52,37,114
64,116,49,59
67,102,40,79
76,104,102,114
104,89,93,74
87,103,53,81
46,85,86,107
40,101,42,69
98,115,77,70
62,88,104,34
86,77,94,103
92,95,68,105
43,20,104,13
61,93,60,110
77,50,84,113
117,19,88,100
77,71,101,75
79,86,52,107
63,49,114,62
111,74,84,91
106,34,65,83
46,56,102,84
66,35,100,51
33,53,64,102
100,36,96,92
53,28,31,104
56,37,56,103
35,68,102,47
99,66,87,108
102,86,62,74
114,43,63,68
101,36,2,41
54,106,58,34
107,78,84,91
90,112,23,27
103,42,88,91
104,36,52,60
70,81,113,96
89,63,32,104
46,34,22,114
78,104,89,89
76,105,109,70
55,46,13,102
101,101,26,96
70,24,35,123
101,41,12,26
57,59,70,102
56,26,30,104
109,68,82,101
110,97,102,87
98,51,106,69
56,55,40,101
81,109,82,52
49,51,108,80
62,43,69,114
45,104,32,35
82,73,100,69
112,51,83,78
102,52,53,81
67,69,103,85
41,85,100,62
38,108,93,85
34,71,107,40
84,108,52,44
70,74,70,110
29,101,74,48
62,107,36,47
54,82,43,109
121,65,51,87
116,70,90,84
88,103,103,102
86,33,28,105
39,74,108,67
78,113,104,65
94,104,90,72
83,73,88,116
100,25,68,95
105,95,72,52
114,86,86,38
98,62,88,112
89,47,55,133
66,42,78,102
71,24,111,82
107,28,108,81
101,37,43,35
57,44,47,104
46,53,107,46
106,67,82,33
99,102,39,84
101,96,100,99
112,67,82,27
76,115,81,88
110,46,79,53
118,48,88,70
108,64,96,92
102,54,65,103
107,31,46,68
103,77,76,32
86,35,96,107
101,41,52,22
38,21,111,46
98,30,84,112
98,54,101,107
19,40,13,108
85,80,59,100
53,92,29,114
52,61,28,111
101,81,76,66
87,62,106,33
116,78,35,59
55,72,100,61
79,112,98,71
57,41,90,100
105,102,68,85
95,101,97,103
70,86,104,100
21,76,102,89
48,55,123,98
42,57,82,107
81,21,83,103
74,84,101,101
46,50,108,84
50,103,44,91
59,101,68,96
103,24,73,52
33,53,60,106
100,59,59,70
110,84,71,95
39,104,94,51
68,45,39,100
39,78,68,103
25,123,15,89
63,69,120,36
109,54,62,63
85,86,81,108
38,94,85,107
71,121,66,66
48,40,104,96
75,103,129,17
110,46,83,85
121,23,33,39
57,124,68,75
103,46,91,48
50,74,116,84
42,69,63,114
40,102,85,97
31,40,128,17
67,115,61,81
60,97,109,58
103,91,99,31
61,114,71,42
83,97,121,95
58,61,66,103
64,100,57,103
104,77,43,100
72,109,63,44
102,96,34,56
70,57,93,104
93,44,109,78
105,71,54,94
32,61,101,22
95,43,107,43
114,94,61,91
92,39,100,93
65,84,30,109
52,86,102,48
118,94,88,60
112,53,17,34
122,44,103,91
105,76,71,36
79,42,116,51
72,82,33,101
113,106,78,63
67,75,117,65
51,84,126,99
89,55,40,104
50,113,59,66
79,98,102,117
85,43,92,104
87,67,61,109
46,104,38,28
50,67,60,111
103,57,50,42
28,121,26,5
101,50,28,73
105,77,92,86
65,83,109,31
100,45,24,47
63,103,73,49
98,110,89,99
92,58,108,66
73,90,112,85
114,46,101,99
10,24,37,109
94,102,93,71
50,53,108,41
67,63,110,84
80,101,95,48
52,116,85,71
52,47,49,104
84,91,103,82
73,79,105,103
110,75,108,31
78,13,117,80
46,104,28,38
58,44,103,83
100,49,32,35
64,20,101,67
41,101,35,39
106,56,81,45
107,78,19,48
60,91,60,113
97,47,119,61
43,46,106,57
101,90,98,107
118,61,58,51
89,108,44,47
69,94,96,101
78,111,71,64
75,98,75,112
21,14,108,73
47,45,14,110
72,105,61,86
65,67,103,89
98,89,71,102
31,75,101,45
79,78,114,53
68,45,103,108
94,102,19,73
109,97,92,62
102,87,81,54
87,103,71,63
103,87,59,75
63,40,104,81
53,69,28,102
59,62,65,102
63,60,103,62
54,108,9,45
110,90,51,73
84,119,66,55
81,110,58,75
98,69,105,88
21,54,67,110
53,78,91,102
87,88,83,102
91,74,104,91
23,41,111,41
47,23,109,73
70,100,69,49
127,67,27,67
17,51,44,104
56,107,36,53
28,91,33,100
30,102,41,79
37,104,38,73
108,57,53,106
58,100,97,69
34,30,50,102
80,84,100,60
65,64,105,54
89,79,49,107
86,78,89,107
90,102,86,82
46,110,84,84
51,43,105,89
40,100,32,80
38,127,94,65
51,75,98,100
54,111,97,98
50,105,62,35
71,103,102,84
73,102,74,75
125,34,63,66
70,116,55,83
112,92,85,71
98,108,63,55
102,70,46,70
76,106,77,65
20,87,38,107
102,110,40,36
100,108,94,58
65,56,106,97
123,84,88,65
64,43,122,95
68,40,44,100
90,113,50,35
47,49,84,108
89,101,98,108
106,98,115,41
78,94,85,103
101,63,86,38
73,80,69,102
92,48,48,100
68,75,100,81
83,84,52,105
35,37,101,43
56,105,88,75
47,101,100,76
47,104,44,21
101,82,45,60
80,74,110,132
44,102,65,77
118,67,38,65
80,47,97,100
115,102,78,65
41,42,101,68
69,66,52,101
84,42,22,104
102,88,100,106
89,88,77,106
41,9,26,104
44,122,65,21
118,54,78,74
45,65,40,102
64,96,102,62
50,88,110,40
47,38,102,65
106,36,42,32
64,72,48,104
91,79,52,102
81,104,61,42
53,115,104,88
31,98,106,89
104,105,36,79
114,66,23,49
102,86,54,82
26,110,33,47
105,60,27,60
74,105,45,64
62,21,103,30
53,104,85,82
66,87,105,66
81,122,49,36
56,20,103,37
24,100,53,75
103,47,83,19
72,104,78,70
105,96,74,85
79,103,78,100
101,97,59,103
104,46,76,62
64,72,103,85
70,101,79,110
50,42,86,110
87,90,46,101
101,100,37,50
67,102,19,64
121,107,23,109
66,100,64,94
84,92,71,113
60,69,106,17
108,68,89,59
75,68,101,80
63,9,28,116
20,69,95,104
87,51,102,48
46,36,102,104
55,80,93,132
82,52,79,111
70,61,56,101
82,106,44,92
72,107,100,45
115,74,53,46
57,52,129,86
88,68,104,64
108,72,74,70
101,82,88,53
100,57,31,100
52,91,70,111
47,60,107,38
58,52,33,109
84,23,107,74
87,15,86,100
43,102,43,28
102,73,82,31
65,112,85,98
86,106,83,49
102,91,98,105
30,117,42,27
93,101,110,92
47,93,123,61
58,64,120,82
120,95,62,47
49,115,69,91
112,64,53,59
70,63,102,89
77,104,26,45
90,40,112,46
45,23,42,106
101,106,66,51
65,62,38,123
72,98,67,123
54,52,107,75
34,44,67,107
75,108,33,36
84,111,53,76
109,55,62,98
33,85,55,115
101,91,32,64
18,109,73,52
80,85,105,54
52,31,113,20
58,108,28,94
64,35,35,118
65,55,120,84
75,30,102,81
61,46,106,75
104,61,86,37
100,80,62,46
118,89,51,66
35,104,26,51
89,91,101,79
129,132,78,93
103,98,100,95
23,111,96,94
21,54,109,68
99,112,98,51
104,52,64,68
105,53,67,99
51,115,63,59
81,71,33,103
63,108,44,37
28,60,52,112
134,40,64,50
35,104,61,52
55,75,120,74
41,120,30,61
102,62,38,50
62,86,103,73
4,51,104,93
68,100,38,82
125,60,58,45
66,41,73,108
64,93,101,102
89,107,78,86
105,49,30,104
109,27,58,22
84,120,93,63
107,80,84,53
28,33,120,35
104,78,96,82
103,84,86,87
59,73,121,71
50,84,18,100
94,56,73,101
64,88,102,34
60,60,55,113
54,100,83,87
81,58,103,82
107,45,42,94
65,57,88,114
65,59,23,105
56,37,108,87
100,77,83,64
19,113,44,40
86,86,76,112
96,67,107,54
88,100,104,104
108,66,99,87
57,82,7,106
92,112,74,82
64,114,76,70
97,100,100,27
61,77,103,47
54,13,83,102
62,96,107,95
113,106,78,63
71,98,52,103
108,76,64,76
111,42,26,73
115,95,78,72
103,17,75,93
100,81,28,79
107,14,54,77
104,68,89,63
60,109,39,80
85,103,106,30
101,91,61,107
30,47,56,119
5,66,41,104
67,63,104,54
48,71,103,66
47,39,28,102
48,82,89,105
107,70,44,67
106,31,42,73
92,90,112,66
81,44,63,100
111,84,40,89
83,77,101,63
62,102,63,61
114,73,67,70
92,83,62,123
71,20,45,116
115,46,91,36
113,62,46,103
68,57,27,100
36,72,75,105
99,107,62,56
44,37,31,104
102,61,91,70
60,35,56,101
83,83,91,103
82,73,66,103
14,43,109,14
38,32,109,73
71,38,42,101
82,117,44,81
115,98,62,85
89,34,103,62
77,61,101,49
99,65,105,91
49,32,107,100
42,102,82,26
24,102,27,63
76,90,113,81
78,58,107,45
58,99,114,89
91,33,102,62
91,47,109,77
100,93,48,47
71,55,97,101
76,122,78,84
106,75,81,62
55,57,63,113
120,77,72,91
62,67,117,78
105,96,117,6
59,104,87,74
35,114,68,35
47,80,103,94
115,12,77,84
63,51,34,104
89,82,107,46
118,67,75,28
57,58,102,71
91,97,108,64
44,102,27,79
60,43,48,101
93,53,105,109
77,111,82,90
91,110,52,71
58,77,99,126
74,55,21,102
25,78,36,113
105,33,49,101
97,103,23,65
40,64,108,76
69,45,32,106
93,84,116,67
26,87,29,110
55,34,63,100
101,46,42,63
112,90,53,69
103,63,56,66
56,86,42,104
48,52,111,41
6,34,0,104
64,102,44,114
47,86,88,103
89,93,110,32
100,40,82,30
69,118,59,78
63,42,100,47
84,104,24,40
27,56,59,110
65,44,75,104
105,70,66,83
78,25,104,45
86,48,88,102
24,119,90,55
125,58,96,81
60,88,64,112
111,46,86,81
107,68,72,77
96,109,92,63
91,42,45,110
49,97,100,114
47,61,100,44
79,112,89,44
107,123,96,106
65,100,14,37
37,103,24,16
51,121,65,15
28,104,33,51
40,109,58,45
118,86,86,70
116,84,102,22
58,29,93,108
71,80,99,110
92,101,76,19
100,103,79,78
76,57,53,102
106,86,81,51
56,104,103,25
52,32,60,108
54,89,36,109
54,101,73,60
29,24,51,112
56,111,36,49
101,50,31,34
51,64,114,59
59,55,69,105
61,41,80,106
67,84,67,106
55,100,96,109
73,85,108,94
57,83,80,104
100,84,48,56
78,94,102,122
55,115,105,49
42,103,67,40
94,112,65,89
65,103,38,82
48,62,103,75
96,102,92,70
97,69,94,100
39,39,65,109
54,84,64,122
60,113,91,24
72,104,88,60
109,48,75,56
37,66,73,112
59,101,70,58
117,65,83,95
61,60,59,108
62,63,108,55
101,76,56,91
55,34,117,46
30,30,129,63
50,86,73,115
36,52,59,105
106,61,63,22
47,117,88,72
45,57,114,72
13,116,68,55
81,105,12,54
63,25,55,109
69,83,36,100
55,68,49,116
105,76,33,74
69,103,60,56
102,84,84,54
41,105,66,40
21,25,107,27
70,101,67,86
72,19,117,44
35,86,114,53
70,75,102,77
67,58,42,121
53,104,20,75
44,96,116,32
57,15,115,65
88,67,108,61
85,86,116,109
110,31,81,66
109,61,41,77
11,2,107,24
68,104,92,96
46,100,58,48
104,66,73,81
74,59,75,116
100,51,21,44
27,78,71,112
48,45,111,84
67,79,34,108
84,85,50,105
65,105,67,51
115,41,11,49
23,104,5,12
45,45,116,82
71,114,110,101
37,99,103,13
110,73,94,47
107,52,76,89
75,108,87,54
89,52,104,43
117,92,55,96
87,103,84,86
59,116,85,28
115,49,71,53
110,78,81,55
93,64,87,116
110,64,72,42
104,52,88,44
105,114,59,82
90,66,102,102
100,67,76,81
63,106,80,75
47,105,76,96
85,81,55,103
48,107,72,61
112,31,37,72
117,120,95,64
77,22,107,82
87,50,81,106
41,73,102,36
72,116,45,91
45,37,28,106
41,102,49,24
106,73,53,56
56,107,50,75
102,60,99,63
86,35,103,64
102,54,37,59
122,44,44,42
97,101,99,99
79,93,101,87
105,89,59,71
78,40,100,106
98,52,103,107
101,86,25,40
61,101,51,75
75,103,33,77
111,71,96,82
102,106,64,52
52,104,72,96
106,119,79,92
79,117,75,89
12,104,84,52
86,52,100,86
92,55,99,114
71,67,46,104
63,64,113,12
50,73,53,112
90,104,44,86
8,100,8,28
76,109,33,70
63,114,71,112
52,103,70,99
96,81,36,111
83,73,66,102
64,26,56,106
107,70,92,91
91,91,99,115
101,100,30,57
102,41,91,54
44,79,105,24
117,87,87,105
57,66,116,49
108,81,63,72
74,62,108,80
100,86,97,77
93,110,57,100
108,83,115,54
100,95,75,18
58,94,53,119
107,61,75,45
39,69,23,121
102,25,39,86
108,32,93,55
84,58,120,62
25,104,31,20
102,104,67,87
53,100,50,49
36,49,104,63
100,65,64,59
76,103,34,39
101,49,44,58
93,117,66,84
78,91,103,88
120,62,66,76
38,67,11,100
51,100,82,91
107,47,69,65
54,95,108,67
124,76,64,96
108,54,99,63
62,66,53,107
63,102,64,23
46,111,79,88
44,100,8,28
101,97,44,82
86,117,67,54
102,83,67,72
101,95,90,38
38,121,19,74
106,92,97,101
33,106,82,31
101,42,47,26
65,108,72,43
73,93,103,91
100,38,28,50
60,40,132,20
83,46,83,112
54,115,50,69
71,50,101,66
103,43,54,52
108,116,41,95
44,57,80,107
58,100,98,104
95,59,104,66
98,72,51,103
58,51,34,109
48,70,65,105
59,104,81,80
18,79,108,47
65,54,108,97
24,19,101,72
75,46,102,29
91,90,40,103
108,80,83,53
81,34,115,58
1,110,37,32
87,61,103,73
85,113,24,66
101,71,83,33
21,88,43,100
76,102,40,70
59,56,108,65
67,71,123,63
105,60,86,73
42,76,107,63
73,74,103,38
87,102,53,46
90,50,40,108
80,110,104,102
52,93,64,115
73,83,93,111
24,46,123,95
71,100,50,67
91,101,55,41
63,109,56,60
57,82,36,113
74,40,111,63
115,43,37,93
103,75,93,89
32,91,77,124
83,50,73,118
104,41,55,52
107,50,39,56
100,97,108,55
60,64,112,16
87,48,103,14
96,65,107,20
57,61,33,101
45,58,49,100
58,77,109,80
52,124,32,8
100,99,63,98
66,71,48,103
66,58,96,104
63,88,72,101
97,110,98,91
65,100,89,70
63,106,16,67
72,124,60,32
35,64,101,52
104,43,51,54
98,103,64,23
31,97,105,91
97,117,52,58
111,61,41,75
116,27,49,24
81,71,34,102
104,90,87,43
122,87,81,70
103,72,72,77
33,52,31,100
105,81,40,62
84,32,118,54
64,105,100,55
50,102,60,76
55,113,17,67
59,90,55,120
104,38,36,110
105,61,15,107
108,42,48,54
119,80,76,49
58,81,39,110
111,94,109,82
63,13,66,110
96,108,64,92
55,101,102,66
58,31,105,22
71,62,104,87
103,61,67,57
73,68,68,115
86,51,79,108
45,57,47,103
108,91,100,61
108,79,62,75
66,56,85,117
115,65,41,67
20,37,15,108
67,76,121,60
112,83,67,62
65,55,92,112
57,73,87,107
59,30,106,21
62,51,64,111
103,46,34,33
18,100,37,25
83,78,93,106
106,21,49,76
59,24,100,69
87,91,77,105
64,75,115,70
85,104,43,56
111,76,77,96
49,58,41,104
52,33,97,106
108,27,36,81
51,100,74,27
59,57,103,69
41,115,48,84
88,40,125,71
46,108,16,46
116,51,87,70
80,47,55,106
76,86,111,15
90,59,31,108
80,101,80,63
81,107,69,67
25,63,26,102
75,65,109,75
12,66,104,34
13,46,20,101
86,81,107,50
63,72,44,109
76,68,104,112
40,117,54,113
68,38,44,102
42,102,48,96
51,47,103,51
69,70,101,48
64,117,76,67
114,71,28,111
65,102,99,58
73,54,24,101
41,110,44,57
117,63,60,48
94,55,31,108
29,26,49,112
38,103,77,106
100,81,23,48
114,58,58,58
44,84,58,102
102,106,61,55
69,114,97,80
65,92,108,95
57,57,58,116
93,72,111,84
3,102,57,18
41,84,99,100
104,42,24,46
32,81,35,104
100,27,91,70
103,64,15,34
61,111,37,115
81,63,115,101
53,73,52,110
73,104,63,48
37,109,36,106
85,62,101,40
81,46,93,104
117,80,58,69
104,49,38,97
66,95,101,98
100,96,99,101
104,55,66,27
84,102,64,38
74,101,74,75
44,90,109,45
33,100,66,125
48,110,80,86
102,63,71,88
80,48,109,51
93,100,42,53
54,105,29,28
106,11,102,69
102,75,80,103
111,56,88,69
67,60,112,49
80,70,102,72
87,71,98,104
84,16,82,106
97,134,98,103
99,69,55,101
35,103,54,24
101,48,59,44
88,63,25,112
87,35,118,84
91,103,93,109
32,36,109,39
71,116,51,50
50,48,54,100
56,100,84,84
64,46,111,31
106,60,101,93
102,100,103,55
62,75,60,127
26,45,41,104
53,105,71,59
34,41,50,127
97,102,98,63
54,115,74,45
75,61,85,103
94,74,47,109
97,58,69,100
104,74,77,33
26,49,105,36
52,17,75,108
41,83,53,111
34,38,104,76
61,121,75,103
106,116,58,116
88,73,135,100
72,84,67,101
61,30,86,111
33,113,33,37
73,68,71,112
32,47,120,53
90,102,55,41
121,96,68,39
83,67,109,101
44,53,104,87
120,79,70,91
80,114,61,105
102,98,64,60
72,70,79,103
61,65,106,92
123,25,29,39
91,103,57,73
55,101,74,94
18,49,47,102
54,76,112,82
52,67,101,104
104,74,70,76
81,101,27,115
41,59,108,80
59,115,101,49
102,68,89,29
81,51,44,112
74,112,35,31
74,116,56,78
87,104,100,33
91,100,65,68
119,86,134,93
25,68,87,108
26,57,88,117
103,93,42,14
103,84,92,81
112,54,102,92
59,104,54,35
94,103,65,98
109,52,66,61
99,102,63,60
80,89,53,102
102,82,54,86
96,87,77,100
126,95,117,58
73,25,103,87
35,92,123,38
63,97,108,92
68,68,43,109
84,100,57,47
67,39,111,35
96,107,107,86
74,62,67,121
92,37,101,58
95,134,68,27
53,100,59,112
81,100,60,11
63,95,57,109
106,74,97,83
102,40,49,61
58,105,39,86
60,113,34,81
77,120,76,123
74,103,74,1
88,73,113,50
105,59,35,53
117,34,85,88
79,60,118,31
117,35,23,77
91,39,88,106
81,63,103,77
54,103,56,111
97,122,94,83
112,22,63,91
100,62,80,46
85,111,47,45
43,107,98,40
102,48,63,75
105,90,80,85
105,67,54,98
43,111,86,84
41,109,52,50
106,55,104,59
61,110,82,71
96,104,76,48
89,109,63,99
35,113,101,39
82,84,113,81
76,109,69,34
94,102,78,86
52,67,102,103
38,106,84,24
67,113,92,88
82,79,43,120
35,75,30,112
52,63,93,116
61,96,87,116
103,58,42,85
70,43,105,34
59,84,81,100
73,41,37,101
43,60,73,112
45,98,106,39
94,110,78,42
74,69,114,103
70,61,74,119
52,102,111,59
47,104,78,23
100,56,36,24
112,42,36,62
87,114,70,89
100,71,64,53
97,90,115,94
58,101,58,35
56,43,72,117
80,28,115,65
26,112,51,99
84,66,104,70
42,110,32,68
22,100,29,65
109,40,26,5
97,114,94,55
101,7,44,64
52,101,58,113
38,113,45,92
94,79,102,85
29,51,101,35
85,57,102,44
69,85,93,113
76,82,110,56
77,111,47,89
79,103,67,75
68,78,112,102
114,69,109,68
74,14,100,100
115,12,50,75
83,43,108,126
55,26,34,101
68,55,110,91
113,101,75,71
88,85,111,76
106,49,71,62
48,112,88,40
33,35,100,12
76,115,107,62
86,88,118,104
98,97,121,80
82,48,73,121
23,107,47,39
133,59,78,54
90,33,63,102
112,47,72,57
94,105,88,73
62,54,110,98
105,84,67,104
56,100,57,75
83,53,112,76
25,56,26,109
61,61,30,100
95,67,100,98
42,101,48,61
103,80,81,96
102,110,90,94
94,102,45,47
81,46,41,120
83,60,123,58
79,31,70,108
26,82,106,74
48,108,78,90
92,50,124,58
103,64,52,69
113,55,101,91
105,55,21,35
42,93,125,64
83,108,70,63
34,56,98,100
102,75,89,58
65,88,102,33
46,50,84,108
78,92,111,7
90,130,86,90
81,68,20,119
104,58,39,51
109,92,56,67
126,51,103,80
69,57,97,101
79,18,55,100
101,72,54,25
62,102,72,52
59,107,62,24
73,78,106,67
89,82,102,51
97,81,67,115
77,96,51,100
54,28,108,62
106,76,61,81
77,97,120,66
42,103,61,46
89,102,89,80
94,105,22,67
43,18,49,106
109,14,73,20
93,72,42,117
81,100,71,72
38,40,111,27
60,110,82,108
98,63,101,98
104,104,24,56
93,37,72,122
74,101,53,96
109,110,70,71
46,115,16,75
90,81,117,108
110,73,95,46
70,72,79,103
49,110,36,57
41,45,66,100
92,79,88,101
58,94,115,93
82,116,7,83
63,102,78,45
62,92,91,115
119,75,60,70
39,40,104,33
102,89,113,92
58,111,68,87
61,102,86,111
44,105,66,73
109,74,86,55
103,69,89,63
106,61,97,60
65,103,84,72
52,71,111,90
119,74,28,103
110,61,29,52
59,110,80,75
60,75,103,86
107,82,32,67
117,63,31,77
98,100,104,94
88,102,56,78
71,111,53,89
98,89,69,104
67,100,39,82
76,53,58,101
94,31,103,96
56,80,111,41
46,116,60,66
65,95,91,109
40,100,76,72
71,102,55,60
60,33,42,117
105,5,93,13
50,59,78,101
56,63,66,103
35,61,78,114
24,23,109,60
81,103,100,76
34,29,15,102
104,58,99,63
32,55,101,28
17,106,80,49
70,101,67,86
75,74,63,112
87,105,73,23
94,120,66,44
54,61,115,94
111,47,46,84
102,86,66,70
96,60,101,103
15,112,77,48
60,80,112,72
108,85,57,38
104,41,33,74
118,24,64,46
94,78,107,81
68,43,99,114
100,20,23,73
94,72,107,87
60,45,71,112
75,62,104,47
61,113,97,53
102,90,99,105
42,119,62,101
109,80,84,51
57,98,97,108
94,71,55,104
104,79,50,91
36,59,54,103
53,16,32,115
46,54,48,104
57,102,72,57
49,111,43,49
94,72,58,100
99,75,121,101
59,79,111,75
57,50,67,114
104,14,28,34
110,13,98,103
111,49,61,67
36,80,63,109
62,101,55,70
105,47,68,32
100,85,56,119
71,72,81,100
106,59,81,114
75,63,85,101
63,105,22,98
61,57,68,102
41,93,116,38
75,100,112,73
115,79,60,106
48,61,71,108
43,112,112,57
42,101,84,61
100,76,66,46
65,109,88,62
52,110,43,83
104,43,74,103
51,95,18,124
71,22,52,107
113,78,87,46
101,58,48,45
106,80,69,69
71,83,34,100
113,16,22,101
107,36,83,26
26,116,59,51
100,82,83,23
65,86,69,104
105,20,69,94
82,66,74,102
86,37,104,97
27,109,50,30
100,60,36,56
96,65,97,102
100,106,89,65
54,56,36,106
81,90,76,113
110,98,103,85
58,80,35,115
90,50,119,101
123,66,81,90
85,64,60,115
5,102,38,35
116,70,100,74
110,47,81,14
37,127,42,46
96,41,38,113
86,27,102,73
37,42,103,70
33,100,57,62
23,89,67,109
91,25,65,107
32,52,108,60
57,96,107,64
86,114,67,57
93,101,75,55
77,104,74,69
53,110,43,82
93,73,79,115
90,99,95,112
65,104,57,62
37,105,82,64
86,71,99,104
16,52,37,111
72,104,101,83
105,56,46,81
81,79,63,101
104,109,84,99
109,68,109,38
45,27,77,103
104,59,100,61
101,94,116,85
50,101,55,46
68,56,98,102
95,66,106,57
92,115,59,94
71,44,70,103
9,36,70,101
74,116,72,62
104,54,53,41
53,54,117,64
43,80,79,122
91,103,98,104
29,103,99,93
110,32,58,88
100,70,79,75
74,48,102,100
103,61,84,40
108,60,34,50
105,114,45,60
105,63,45,111
94,100,82,84
84,92,102,46
59,76,105,84
52,90,68,114
110,95,95,24
111,70,47,96
103,43,87,55
59,106,55,32
52,62,62,112
116,98,82,64
66,112,69,77
67,92,65,100
73,91,59,101
67,123,60,74
32,54,102,64
60,102,117,45
62,81,73,108
63,94,117,50
71,83,94,112
53,58,115,26
72,101,48,67
54,77,101,92
90,106,79,85
41,112,81,54
81,109,79,91
66,107,83,68
52,7,106,51
106,94,50,74
75,109,29,39
49,107,51,81
105,96,89,70
101,93,79,87
104,60,27,61
42,109,61,40
108,51,22,107
74,97,28,125
50,49,14,103
84,91,80,105
86,86,103,85
77,46,97,104
103,73,94,90
71,7,91,119
123,69,20,76
73,68,111,108
60,50,116,62
95,70,110,49
60,81,94,125
43,73,87,121
62,104,48,74
105,42,69,72
126,54,43,65
66,104,34,48
36,100,55,25
62,93,104,65
57,62,111,94
128,44,94,58
55,84,117,68
92,35,116,81
88,97,59,116
95,56,114,95
92,82,84,102
88,77,105,54
84,72,102,66
108,40,51,53
103,103,52,66
52,29,102,33
63,45,60,120
32,31,116,109
80,78,97,105
111,72,6,63
53,14,100,49
96,86,105,109
106,96,73,85
58,42,84,104
33,82,100,73
56,108,44,80
103,81,86,90
95,106,74,49
76,87,59,102
65,105,47,71
107,77,40,64
112,39,70,31
102,29,42,43
91,94,72,103
47,79,97,101
54,61,117,56
86,111,109,90
73,93,45,113
106,106,29,47
9,19,5,111
81,105,44,94
65,82,69,108
30,100,48,38
106,84,14,84
63,73,104,48
43,41,68,100
90,109,74,87
118,60,48,62
107,46,71,28
76,92,65,127
76,36,34,106
85,98,42,135
60,102,51,75
89,106,16,77
54,111,100,59
111,95,109,81
65,89,97,109
110,52,37,53
106,75,73,34
55,67,102,64
85,75,128,36
106,84,95,3
109,37,18,52
104,19,43,50
59,101,21,35
65,101,71,15
83,24,111,70
71,80,56,117
37,114,79,58
33,76,68,111
44,36,112,96
45,125,78,76
120,105,75,96
121,71,71,97
42,41,107,26
60,78,102,48
61,65,97,101
100,93,65,66
43,60,69,116
89,70,111,54
35,104,43,106
38,22,105,87
90,104,73,93
75,108,45,96
106,58,53,71
56,76,39,117
115,83,64,62
124,62,80,58
105,95,86,74
102,113,62,11
46,92,118,68
100,60,31,97
32,28,105,51
102,84,84,90
20,117,87,28
68,103,88,101
71,103,102,84
91,101,83,85
68,66,113,77
47,100,94,47
65,103,94,98
79,34,103,72
87,55,101,81
79,46,62,101
55,49,109,75
105,103,59,57
41,102,46,63
67,91,30,100
34,124,45,49
101,95,81,83
117,60,37,74
66,84,63,111
54,105,82,47
65,66,115,42
49,72,31,100
107,99,90,100
86,76,85,113
33,94,118,79
89,91,105,75
101,63,109,51
97,101,28,26
68,30,50,104
42,98,104,44
74,85,84,117
103,64,66,91
80,102,75,67
112,63,47,66
43,49,68,128
102,95,97,66
46,45,111,50
43,68,117,24
120,103,60,113
53,105,61,69
100,26,81,81
46,48,38,120
69,56,54,109
100,67,104,53
107,74,74,69
48,89,110,77
54,79,49,106
60,69,112,83
106,70,111,73
108,89,63,64
94,55,101,74
80,89,53,102
111,62,105,46
100,112,37,111
100,58,58,36
77,109,93,81
111,55,90,68
100,36,68,48
112,56,97,59
25,30,53,108
59,100,45,84
108,86,64,30
68,88,27,105
109,37,69,73
36,44,127,45
73,110,45,60
35,19,55,107
61,64,110,125
55,83,75,111
91,59,101,73
86,101,12,89
100,90,80,90
22,101,44,49
108,31,35,78
18,85,45,104
103,33,63,89
59,103,61,65
89,106,40,53
114,90,72,48
101,62,96,65
89,52,46,101
99,104,54,67
108,63,49,32
105,72,73,74
89,67,61,107
36,60,86,106
57,72,92,103
76,95,80,109
74,43,102,69
59,62,104,63
101,44,65,78
49,112,75,52
87,95,123,55
76,57,54,101
79,105,110,66
37,53,104,58
101,23,63,65
53,58,92,121
57,102,61,32
103,21,83,81
68,36,45,103
17,100,95,76
39,75,35,103
33,94,131,30
61,56,108,99
79,56,107,46
75,97,86,102
122,88,55,59
109,79,118,90
73,78,73,100
64,105,60,59
63,64,95,102
76,26,43,107
62,130,110,94
93,53,104,74
62,36,10,108
93,60,116,91
46,78,111,89
115,77,80,88
78,100,73,73
125,55,92,88
122,83,54,65
100,91,95,74
57,54,108,105
78,122,86,74
86,36,103,27
83,100,97,44
71,101,72,80
56,47,111,74
101,72,65,122
102,47,44,59
82,113,67,98
100,53,79,92
100,91,73,24
98,60,57,109
69,107,101,83
73,80,113,94
108,70,94,88
55,62,100,107
74,114,79,93
79,37,101,71
109,39,74,102
55,61,110,98
101,71,42,74
100,90,48,86
105,41,26,80
86,76,61,101
85,109,112,54
106,42,52,52
70,81,31,106
47,79,104,22
102,29,103,54
94,115,75,112
68,109,53,58
104,61,87,36
59,52,74,103
36,116,66,70
101,14,24,41
73,85,124,42
101,48,73,102
108,12,36,60
54,87,76,107
79,101,94,50
44,64,86,130
73,57,91,103
106,28,68,50
56,86,27,119
68,83,111,98
72,119,62,71
63,81,72,108
51,48,122,67
34,44,104,70
29,28,2,121
111,72,83,22
103,95,76,86
101,53,113,93
80,55,107,118
17,38,48,113
76,86,59,103
54,104,18,112
67,85,35,101
87,54,79,104
84,63,101,112
76,81,99,104
112,113,67,68
53,51,83,101
89,120,58,57
83,128,94,91
100,82,69,73
40,83,88,113
101,22,15,42
74,32,25,121
106,72,99,11
88,22,104,38
71,80,103,106
6,44,100,30
56,77,45,110
103,42,68,111
92,80,116,36
90,92,30,112
81,38,67,102
114,55,87,32
29,105,60,58
102,86,61,75
102,73,63,86
57,75,118,74
103,99,66,56
106,72,74,72
76,90,70,124
62,77,69,116
70,40,73,105
76,55,101,20
35,106,39,72
59,66,60,103
68,113,69,38
100,97,85,78
82,110,71,61
70,102,117,71
72,80,94,114
92,102,116,86
120,72,88,80
37,86,83,118
49,102,36,101
100,76,52,96
103,80,57,84
109,83,100,68
92,82,101,85
21,47,100,48
64,39,101,84
32,50,119,87
112,17,48,75
104,92,42,50
121,102,92,81
92,105,94,69
85,112,73,90
107,64,69,84
64,67,82,111
76,69,77,102
54,102,32,64
52,105,58,1
101,67,50,34
114,50,35,53
66,102,85,35
96,107,30,55
47,96,77,104
50,104,34,64
107,111,33,37
123,92,123,58
58,50,42,102
87,82,108,83
37,53,53,109
100,91,81,52
36,67,12,101
79,95,83,103
110,59,68,51
43,104,55,86
57,105,80,82
102,58,32,60
114,33,32,37
100,71,50,31
27,104,119,110
33,104,40,39
81,65,115,27
82,33,114,59
50,24,108,34
29,22,100,65
111,101,62,50
85,42,103,94
62,100,87,111
66,112,28,46
109,79,83,53
51,87,106,44
81,108,96,75
104,68,59,57
109,81,89,81
45,65,37,105
44,76,94,110
68,101,72,83
29,54,28,105
80,96,110,74
60,60,102,66
81,80,96,103
122,79,74,85
126,24,30,36
111,63,94,20
28,64,117,115
83,100,101,112
102,78,85,95
72,43,71,102
105,62,83,74
121,43,98,98
103,68,71,82
100,72,94,94
113,81,95,71
109,51,99,65
57,101,18,40
95,113,59,21
68,39,110,35
74,61,100,89
86,100,41,25
41,103,32,40
73,82,113,56
77,44,114,89
29,33,111,79
66,80,67,111
99,52,96,113
114,81,97,68
102,85,81,56
91,77,104,52
21,73,115,43
127,63,91,43
52,71,12,117
115,60,24,53
109,75,45,95
71,27,106,48
108,57,37,50
63,119,25,45
105,52,51,80
102,68,77,113
103,55,83,47
23,105,36,52
48,56,100,48
95,117,113,71
84,103,94,79
105,68,51,100
117,76,59,72
41,108,102,73
36,119,42,55
80,119,41,48
81,101,97,81
75,73,107,33
33,100,10,73
20,105,56,35
73,94,133,60
101,93,68,26
49,103,45,55
63,98,21,106
83,102,74,29
53,74,102,95
34,57,25,100
82,104,57,81
111,89,96,64
102,73,89,96
32,105,85,102
79,103,100,114
103,48,50,15
97,63,108,92
95,86,32,111
90,79,47,108
74,55,82,113
76,111,47,90
100,91,72,61
95,46,114,69
15,66,86,121
117,95,64,84
113,36,50,17
101,65,71,87
55,104,49,80
49,59,39,105
66,121,78,59
39,55,56,102
81,62,106,75
57,103,117,47
80,113,45,86
94,109,45,76
118,56,59,91
91,116,36,81
94,16,108,106
51,51,113,73
112,70,73,69
51,43,91,103
57,51,111,33
106,96,90,68
68,89,117,50
30,66,100,56
113,89,72,50
102,98,32,92
27,98,102,97
54,92,66,112
43,82,86,113
64,118,51,55
119,96,61,48
48,117,70,53
50,100,66,72
61,28,108,19
58,100,71,59
82,102,81,95
50,106,108,96
52,108,49,43
116,57,71,80
81,59,30,118
34,32,109,77
68,87,109,96
102,77,99,82
81,113,101,65
106,95,61,98
78,107,71,68
41,66,45,100
43,110,86,85
18,44,52,102
83,105,62,74
91,73,76,120
25,104,19,104
101,38,49,100
53,79,106,86
32,24,101,23
71,106,49,62
66,52,124,46
77,37,110,64
42,67,103,76
102,30,35,49
54,101,40,57
54,18,41,103
108,101,87,64
75,50,77,122
63,90,107,28
49,102,95,78
68,101,75,80
82,88,53,101
112,81,59,36
95,104,114,83
108,62,73,45
111,50,51,112
113,59,63,89
118,67,51,52
77,47,58,106
104,67,20,25
98,107,33,86
86,92,116,102
42,104,62,44
91,101,59,37
88,84,117,35
110,51,97,66
35,108,48,97
44,45,101,62
62,46,65,115
68,87,95,110
28,66,107,87
95,102,43,84
92,67,111,54
104,15,92,41
32,23,101,60
72,102,90,24
113,46,36,57
60,99,90,111
59,73,68,124
106,63,58,61
102,25,9,8
90,101,65,68
85,92,80,103
103,87,119,87
72,102,44,106
51,26,68,107
34,66,96,128
100,91,93,4
48,26,50,128
32,117,60,43
91,75,101,93
54,73,109,52
72,104,66,82
63,57,55,113
29,53,70,100
86,64,116,58
79,107,77,61
98,74,110,78
62,22,112,56
79,94,117,70
65,31,54,102
47,42,113,86
59,94,104,67
40,92,56,100
69,54,47,118
107,103,72,78
25,57,70,100
56,101,102,65
40,33,43,100
27,77,111,73
77,45,111,55
93,100,91,112
55,106,64,63
62,25,28,101
111,97,63,53
101,47,46,94
85,103,66,34
89,42,55,102
68,119,75,62
42,110,70,102
97,109,75,79
106,76,78,64
68,89,104,63
90,102,81,87
119,71,64,70
113,29,51,59
39,51,108,54
66,74,71,113
57,73,79,115
36,39,113,64
70,10,62,110
111,9,38,58
109,71,107,73
62,107,76,115
80,54,49,105
78,115,80,51
86,62,62,114
114,63,90,93
38,27,102,49
43,79,102,64
26,91,101,70
117,96,99,84
20,101,58,73
94,103,122,41
110,31,91,56
54,73,96,101
75,102,85,98
87,106,76,55
53,10,41,112
76,107,62,43
22,110,28,20
90,97,99,110
123,92,82,63
88,41,114,45
33,114,39,30
109,55,50,74
57,103,10,46
101,76,114,69
71,73,76,104
108,77,103,72
42,109,32,69
104,41,48,95
63,110,91,60
107,58,93,66
68,55,95,106
106,81,79,94
102,60,72,90
74,119,62,69
61,46,108,37
104,97,63,96
79,83,104,58
103,22,67,24
78,87,114,81
14,45,54,103
102,38,99,49
86,104,77,57
52,106,48,82
70,105,82,103
42,108,49,89
93,56,74,101
69,31,103,49
93,62,102,103
70,49,67,102
120,78,79,47
103,51,76,94
105,64,50,33
102,89,54,43
110,97,76,41
39,122,36,55
112,29,27,48
91,106,82,81
108,90,104,94
110,74,79,25
52,81,100,91
54,35,79,120
62,36,16,102
49,103,40,96
76,105,95,84
114,58,59,93
104,102,76,78
80,58,101,85
39,112,44,57
33,113,57,85
64,66,53,105
91,105,43,49
88,48,107,81
93,62,26,107
69,94,119,78
105,76,43,100
62,66,110,86
67,130,63,64
102,58,59,69
101,80,65,78
42,64,75,107
99,89,69,103
70,101,53,64
62,106,41,43
61,91,89,119
25,18,37,100
85,85,40,114
102,67,52,67
103,55,54,40
100,43,34,75
44,73,106,101
39,39,110,28
50,62,37,103
121,66,91,46
100,60,83,45
52,104,64,104
101,22,72,57
55,60,101,72
41,92,79,112
102,101,64,57
77,97,104,82
102,23,42,49
120,92,49,63
90,25,18,119
95,100,85,80
59,110,97,58
75,116,66,67
45,122,88,69
73,79,100,108
23,18,108,67
34,36,107,39
101,60,77,50
65,15,50,122
71,59,93,101
59,69,82,114
123,60,55,86
60,104,98,62
67,24,55,106
63,59,96,106
82,85,42,115
102,97,32,57
32,53,102,65
56,76,53,103
112,59,87,30
47,68,70,103
16,114,28,58
86,106,63,69
36,111,56,49
109,42,86,87
96,91,72,101
29,112,94,89
80,14,83,111
112,41,116,55
92,100,65,67
86,109,26,67
105,66,32,49
100,57,75,56
55,113,50,34
92,74,54,104
91,94,105,106
54,103,68,63
49,43,112,48
106,95,84,75
51,29,101,71
66,62,55,105
72,76,104,72
102,89,53,80
25,57,105,65
108,92,44,80
118,27,36,35
113,60,98,53
119,87,82,108
35,106,62,49
65,61,59,103
102,54,62,106
88,38,26,100
19,121,53,59
107,36,63,46
61,108,111,44
95,96,103,66
112,65,56,55
111,54,99,96
41,47,64,100
52,57,43,100
38,42,101,35
81,105,4,98
31,35,14,100
65,106,56,61
85,55,107,77
106,41,83,58
95,103,35,91
93,107,56,68
93,104,89,110
78,97,76,109
97,101,77,85
104,92,109,91
104,52,65,67
100,59,86,79
76,87,59,102
96,87,101,76
32,108,10,30
36,101,96,55
101,82,60,45
130,72,116,78
55,88,42,103
98,95,101,102
54,102,74,58
63,26,97,102
71,79,114,60
92,124,117,63
92,109,70,89
61,40,76,111
85,80,89,106
86,71,97,106
57,72,57,102
51,94,116,99
83,20,108,77
84,107,90,43
78,85,56,105
75,102,37,74
83,85,37,119
34,68,78,108
82,101,85,92
111,99,55,23
101,73,108,78
15,54,78,105
44,81,103,96
101,93,53,41
106,95,70,89
68,92,110,54
90,111,71,88
47,61,100,44
69,26,91,102
108,45,79,92
72,121,86,45
23,28,56,109
92,101,102,65
70,104,87,63
104,60,35,89
81,64,75,104
72,54,113,85
72,48,67,101
102,24,110,88
79,58,103,48
52,24,108,32
80,95,101,48
121,75,77,15
22,111,75,80
104,62,59,63
72,113,65,38
91,86,104,79
72,84,87,117
93,110,50,35
93,87,28,116
106,23,104,55
79,113,105,99
59,72,41,116
99,81,109,35
54,57,39,102
118,88,68,86
29,95,26,102
47,39,65,101
27,71,52,102
106,39,39,32
98,88,33,105
117,110,113,92
44,90,75,115
82,69,114,95
24,9,101,10
50,48,101,53
98,37,101,88
73,83,90,114
81,53,14,104
79,108,78,59
101,88,59,76
102,109,81,104
37,46,120,49
55,117,68,84
73,47,45,123
104,44,28,76
27,68,90,103
39,90,101,58
106,68,88,98
107,69,56,56
45,66,109,68
95,94,57,114
37,34,30,115
99,101,86,74
73,85,102,100
41,82,96,105
76,71,110,67
112,31,33,40
50,103,58,41
95,98,118,85
73,100,71,8
100,93,52,43
106,94,54,34
101,89,99,71
103,98,105,90
68,74,63,119
26,119,94,49
101,16,73,62
41,55,114,78
37,103,72,76
106,42,86,54
35,79,71,103
48,46,100,94
107,73,40,32
68,62,78,116
30,106,61,91
55,103,85,45
85,75,114,50
50,100,42,60
53,77,83,111
100,65,23,100
82,84,107,87
109,69,52,58
72,84,105,99
95,62,66,101
79,65,62,118
44,104,33,71
101,44,89,54
106,92,44,46
75,70,75,104
47,111,23,35
66,80,76,102
100,52,54,46
89,80,101,90
78,18,50,106
107,74,75,104
75,57,44,112
68,65,103,88
24,115,41,36
100,97,75,16
97,98,105,96
100,61,84,79
37,61,82,108
92,122,41,33
9,28,101,42
60,95,90,115
87,106,47,84
97,85,77,101
82,94,122,26
105,78,68,37
60,55,26,111
74,94,103,53
37,106,58,51
52,113,71,88
117,84,98,61
72,82,19,115
67,40,119,62
75,65,102,82
90,53,60,121
66,101,54,67
116,91,51,102
78,121,92,69
80,95,54,131
62,75,102,85
104,54,69,61
85,56,119,100
66,69,112,77
113,22,82,71
55,117,111,77
118,38,94,110
92,101,56,111
54,84,101,85
41,50,117,44
62,108,87,103
26,39,12,103
43,40,65,104
89,79,79,113
102,57,93,72
104,32,69,47
107,64,67,50
102,86,88,48
62,100,102,60
94,18,126,86
50,84,70,120
36,124,75,89
13,75,61,103
97,94,113,56
35,49,61,107
72,51,61,104
75,113,52,84
81,106,41,60
97,101,66,60
118,71,69,102
69,76,101,114
38,67,100,47
75,55,54,104
100,41,80,103
110,87,88,75
53,55,114,30
37,17,111,51
105,80,94,45
80,94,99,123
63,97,112,52
51,47,107,47
44,89,111,80
49,105,44,90
101,73,30,48
59,68,118,79
119,50,91,64
29,57,102,64
49,108,40,55
51,68,18,115
102,61,65,96
105,48,65,106
100,77,36,39
107,22,91,68
105,79,49,91
83,82,54,105
59,33,104,56
59,70,104,55
12,56,45,103
31,108,37,76
20,102,44,50
29,54,105,64
90,90,109,107
113,80,83,84
101,103,89,67
80,90,114,76
90,55,110,69
88,101,66,105
53,104,86,117
81,36,115,56
100,77,94,89
81,98,104,113
77,101,81,65
50,45,82,111
53,71,103,97
63,116,97,84
71,110,77,30
120,41,38,53
110,91,13,2
72,108,92,88
66,120,75,63
101,80,60,47
91,56,47,130
61,46,68,113
52,108,53,39
80,106,99,111
99,80,78,103
47,18,103,84
15,35,100,66
112,55,38,47
80,8,27,101
67,52,104,65
72,119,31,102
54,55,112,67
44,126,100,90
35,82,60,111
67,40,116,65
101,61,71,19
8,67,106,35
73,87,118,82
37,73,111,67
94,83,44,103
60,125,89,50
51,113,85,75
103,63,83,75
111,28,84,29
66,59,108,19
104,57,64,99
56,20,55,121
67,48,119,90
66,116,87,19
85,62,66,111
103,77,60,84
62,104,66,56
79,33,121,55
89,20,71,108
77,92,50,105
54,74,49,111
109,55,71,89
116,82,52,110
48,48,87,105
71,89,87,113
39,117,60,72
106,98,84,36
69,74,106,75
70,106,59,89
30,83,117,94
19,112,96,61
76,107,90,87
104,46,42,24
63,94,102,65
69,74,72,109
78,28,111,71
39,111,84,54
60,110,91,63
93,59,70,102
120,89,85,30
94,107,97,62
103,113,93,87
34,78,100,76
76,53,103,56
64,69,83,108
41,51,47,113
81,69,83,127
78,119,53,38
109,74,19,14
107,59,63,95
103,80,46,95
87,61,120,92
102,102,89,103
71,79,68,106
51,101,68,68
18,102,38,58
107,97,65,55
100,18,68,30
85,45,80,114
54,42,51,105
56,95,35,102
87,91,81,101
47,101,13,55
120,57,96,51
103,92,63,66
45,55,103,49
49,74,104,97
84,107,71,26
62,71,66,125
104,45,113,98
57,46,102,83
60,83,78,103
43,35,100,74
42,48,101,61
48,46,92,102
103,76,55,90
87,54,100,83
71,112,21,84
86,63,103,72
40,105,39,32
95,86,104,75
96,62,62,104
70,100,61,21
116,72,87,85
23,113,91,61
85,96,101,78
41,101,33,41
103,74,56,91
84,108,98,106
69,49,116,90
80,75,110,95
103,118,81,22
34,101,65,88
59,93,70,102
105,17,37,21
111,60,94,59
96,112,78,38
108,100,94,94
107,62,106,49
23,115,35,43
60,78,86,100
30,81,76,101
77,50,101,60
96,118,85,61
81,107,53,47
53,110,77,84
68,99,84,109
84,82,91,103
88,107,72,93
108,95,96,97
36,49,101,102
52,108,58,106
33,40,35,108
50,108,100,66
109,71,41,67
67,102,108,47
101,30,74,83
46,105,58,115
65,113,99,83
74,68,104,78
82,102,19,85
102,82,76,64
85,74,112,53
109,108,37,70
104,83,88,49
71,68,105,44
50,116,78,44
30,62,53,107
37,55,50,110
25,54,117,20
55,54,34,109
29,46,76,101
110,99,108,79
64,84,106,70
103,52,98,35
109,55,15,37
4,102,32,42
67,94,101,62
52,42,51,107
68,40,40,104
135,86,76,63
68,66,37,117
98,75,48,103
109,70,68,41
39,103,36,110
123,61,92,48
104,99,62,95
28,87,116,57
0,96,46,110
52,99,102,35
85,81,79,115
57,89,76,102
71,75,62,116
117,55,53,63
121,79,68,56
85,96,59,120
62,75,101,50
81,74,115,90
65,119,85,55
58,63,105,62
106,97,88,69
24,14,103,75
101,78,81,64
82,102,81,95
37,114,78,59
62,73,101,88
65,44,107,72
109,63,73,43
91,108,97,28
101,77,70,76
112,78,76,94
103,58,69,58
35,20,47,114
103,76,51,58
29,116,43,64
116,74,69,65
86,106,59,109
50,28,30,108
54,78,45,111
80,112,53,79
46,111,55,76
35,14,28,103
29,13,116,94
94,95,106,65
101,32,26,93
79,98,104,43
102,41,57,88
112,84,72,56
84,41,115,84
80,11,92,105
66,47,75,100
66,69,100,89
57,77,54,100
100,56,79,89
107,97,56,100
42,37,92,117
106,101,76,41
80,52,83,109
104,63,81,76
83,81,103,93
79,101,52,92
54,104,29,29
110,46,72,96
54,115,68,87
77,79,102,30
101,13,43,95
63,108,19,26
117,90,71,82
73,101,60,54
61,106,76,81
109,55,89,71
106,47,49,86
102,105,86,103
96,77,116,107
109,44,109,62
70,87,102,101
54,104,74,56
111,88,54,71
36,37,106,37
111,60,103,14
54,113,85,72
69,89,97,105
103,46,42,61
109,100,57,94
81,59,45,103
85,67,109,99
57,34,113,48
34,61,52,105
101,45,27,43
100,51,82,55
83,107,25,73
80,107,35,30
76,65,42,105
91,94,119,56
52,73,14,113
85,55,110,74
79,63,101,117
87,102,71,100
102,55,95,72
43,108,117,92
100,22,76,90
39,76,100,73
49,49,121,33
71,35,106,112
117,64,83,60
43,43,85,117
69,94,96,101
43,52,104,53
107,50,76,55
117,105,77,97
105,83,79,57
100,45,84,95
96,99,96,105
63,86,111,28
50,30,105,31
86,99,75,100
111,48,73,20
62,78,78,106
33,118,39,26
36,105,28,47
80,113,50,81
68,113,90,53
94,92,115,95
112,40,34,66
39,66,101,82
58,113,100,89
53,59,101,39
68,36,104,44
47,108,85,48
49,45,113,45
101,80,77,102
66,98,100,24
86,59,78,101
88,58,75,103
64,102,56,66
82,84,81,113
81,53,103,51
106,23,34,53
25,55,67,105
68,95,82,115
28,110,53,97
92,65,60,107
98,84,114,64
105,118,65,36
102,64,70,52
73,64,77,110
61,53,128,46
68,54,104,62
84,68,55,117
117,89,45,37
78,114,91,77
110,63,94,21
34,105,61,52
110,61,50,31
88,108,100,64
93,110,62,95
64,88,72,100
52,105,77,90
88,76,86,110
65,89,115,91
32,101,73,82
32,118,40,26
109,14,53,40
45,44,52,111
90,84,78,108
91,46,115,108
89,102,75,94
78,66,59,121
60,44,48,100
111,108,96,45
91,117,86,66
86,123,87,64
74,75,101,74
101,28,59,100
36,66,41,109
45,105,71,103
42,85,111,86
115,96,69,80
101,76,56,55
103,56,70,23
83,80,90,107
50,85,50,103
106,71,45,66
84,44,66,130
34,100,59,95
26,102,39,13
79,87,20,102
96,58,63,107
55,32,109,56
38,39,100,75
80,76,103,101
47,36,60,109
61,60,102,65
103,56,60,105
125,73,96,102
89,55,120,96
128,95,100,73
68,54,99,103
61,24,22,109
78,21,103,86
114,73,66,71
26,34,110,82
61,81,39,107
71,72,79,102
100,73,82,69
102,71,85,66
64,74,112,74
44,60,125,95
32,81,60,115
55,100,55,114
53,44,37,118
84,105,46,53
114,56,93,61
50,101,80,57
73,110,49,56
37,87,42,122
50,52,102,84
107,64,57,96
46,58,113,71
91,92,98,115
59,41,48,104
49,15,100,88
100,99,68,93
59,100,76,53
77,47,125,75
86,103,87,120
110,95,90,101
112,50,19,35
69,52,31,100
74,90,80,116
101,77,47,63
84,63,101,40
57,69,120,42
58,102,81,83
82,22,128,92
104,46,92,82
28,102,54,104
75,68,108,109
100,31,64,57
44,78,92,110
24,111,26,19
82,100,81,61
57,60,66,105
61,92,118,53
45,85,92,102
67,87,115,91
59,69,90,106
104,68,81,107
133,125,89,121
55,111,38,84
120,54,62,88
71,92,97,100
20,49,113,70
123,65,70,66
98,91,91,116
85,112,93,34
39,89,49,111
104,98,102,92
99,73,52,100
109,68,60,51
109,61,72,46
39,97,108,44
24,102,53,37
105,83,47,53
60,71,90,103
24,24,63,105
43,105,87,53
77,59,77,111
61,107,51,33
42,101,87,94
97,105,72,50
48,103,7,58
57,26,92,113
49,63,66,110
104,78,72,70
103,117,73,31
110,90,53,71
98,105,97,60
100,33,76,43
122,43,74,85
60,49,100,79
104,31,59,22
80,105,107,104
82,67,101,74
45,74,105,100
47,51,117,37
55,76,77,116
72,106,86,60
34,80,67,107
100,37,74,5
90,35,61,102
71,44,116,93
85,47,116,76
80,68,28,112
86,116,88,70
47,106,81,90
55,105,42,122
83,86,81,110
91,105,106,94
72,55,106,91
55,101,77,19
62,79,83,100
82,63,102,41
24,107,79,78
48,84,109,83
111,65,60,88
107,61,66,90
52,73,126,73
58,41,65,124
61,67,48,112
80,124,69,51
126,56,125,125
33,69,102,48
12,23,101,44
52,65,100,35
104,31,79,38
39,81,104,28
43,26,67,116
96,93,106,65
80,122,76,82
29,27,112,84
102,99,86,109
65,49,104,106
46,58,74,110
83,84,47,110
82,34,85,123
107,63,50,32
74,66,110,74
51,110,37,54
117,97,59,15
101,42,91,90
103,100,36,49
44,38,104,66
45,58,115,70
69,36,105,78
22,68,98,100
77,85,118,80
104,107,99,50
39,104,23,50
98,97,86,115
22,103,47,80
88,113,94,29
130,63,99,68
71,57,101,23
54,99,102,69
37,30,46,103
57,30,108,57
87,49,82,106
112,10,103,63
66,74,100,48
109,60,83,72
91,114,77,78
98,116,86,96
55,111,75,83
112,91,43,42
45,107,27,73
57,81,84,102
100,101,84,75
50,110,100,100
109,68,53,22
71,111,47,59
48,103,42,59
78,112,34,64
105,71,62,86
44,40,65,103
100,60,82,82
45,43,101,99
57,106,103,94
89,91,54,126
45,82,100,97
101,59,102,98
98,101,95,102
88,101,95,76
53,105,100,102
105,57,66,24
104,56,86,78
54,46,102,86
30,109,63,50
76,109,78,61
112,56,93,63
102,68,103,87
81,80,103,96
106,56,38,88
80,97,105,78
101,59,39,89
81,61,121,97
92,104,80,48
101,46,66,39
71,76,112,65
78,45,50,115
110,68,77,105
58,41,14,103
109,18,30,23
111,33,40,68
38,91,119,76
51,100,89,84
54,110,24,100
112,49,74,53
75,127,131,27
95,61,101,103
76,91,55,102
80,36,102,34
58,105,86,39
60,115,57,92
105,70,79,34
70,107,50,61
114,97,42,71
22,94,36,100
89,94,103,38
122,73,43,50
60,51,112,65
102,113,107,74
100,43,77,68
105,73,42,68
55,62,69,102
85,35,101,31
109,97,88,30
79,102,56,87
79,61,77,107
61,39,100,16
75,113,55,81
74,64,103,83
102,32,72,82
120,66,76,98
105,91,52,40
52,67,89,116
87,61,110,66
93,107,70,90
85,112,88,75
100,41,45,66
39,34,100,79
80,85,103,92
73,103,51,97
15,104,61,36
86,114,66,58
102,50,100,72
41,34,134,43
39,104,79,102
72,105,68,43
67,114,52,55
101,60,62,101
15,102,62,37
111,70,108,71
104,60,84,76
80,103,108,69
63,57,103,29
116,101,80,99
75,53,116,80
80,77,105,98
105,91,71,93
50,75,93,106
27,106,63,92
67,121,43,21
98,88,104,106
75,52,105,92
95,107,84,38
67,100,106,87
105,69,102,48
86,73,105,60
101,74,73,112
115,45,108,56
88,101,67,68
103,46,110,101
100,95,74,91
48,55,104,45
50,42,54,106
94,21,111,62
103,51,31,67
55,38,109,14
73,110,112,65
99,107,75,79
48,93,117,66
53,83,83,105
38,106,91,53
77,54,116,77
55,113,79,41
36,82,124,46
85,120,63,92
54,107,88,39
100,98,105,21
54,65,65,104
130,60,45,17
92,66,61,105
82,40,28,102
86,73,106,59
46,112,29,65
35,92,59,102
83,50,114,77
105,72,42,33
82,16,83,107
37,114,61,76
63,61,60,104
99,78,38,109
41,25,48,102
58,52,111,67
52,101,40,59
20,35,12,113
41,85,40,122
114,46,60,68
37,110,54,87
71,121,33,27
52,35,50,115
76,88,82,114
107,101,86,102
43,82,61,102
108,77,64,75
84,21,40,107
73,107,47,97
57,49,113,69
67,69,52,100
20,85,36,111
101,96,94,69
98,89,61,112
83,64,100,113
79,100,35,110
104,21,48,43
52,39,102,59
106,42,38,66
86,77,57,104
107,24,56,65
67,26,95,100
107,31,51,63
75,100,77,72
104,77,72,71
30,101,74,83
102,85,63,74
54,72,100,62
111,107,38,32
36,105,83,28
90,71,94,105
121,90,70,79
107,93,52,72
76,84,101,63
80,15,85,108
53,53,31,115
70,118,81,55
109,77,64,74
66,85,34,103
80,79,63,102
29,36,81,106
96,75,107,82
31,113,27,9
90,57,77,100
107,72,79,102
66,61,53,108
46,94,109,39
87,60,112,101
107,80,90,83
56,87,108,37
102,66,58,62
86,81,100,21
41,82,115,50
87,74,112,51
106,66,89,63
35,84,31,102
110,50,73,55
76,86,96,102
62,77,105,80
97,103,89,71
101,56,56,39
91,76,112,81
99,105,97,95
27,81,108,108
56,102,67,27
120,70,95,111
31,81,97,115
56,32,63,101
48,96,106,74
102,83,56,83
70,40,105,73
77,74,59,114
36,79,111,62
50,106,41,91
59,43,48,102
104,42,56,50
118,45,96,65
51,78,53,106
104,37,46,101
14,116,68,90
89,74,102,95
111,59,55,99
76,50,105,57
48,40,109,55
74,107,88,55
24,110,81,73
73,92,91,104
96,105,106,89
55,109,16,72
69,39,35,109
54,105,115,86
41,101,48,62
81,104,44,95
25,46,100,45
102,52,54,44
17,44,102,53
11,111,44,86
49,80,103,92
52,88,125,59
28,112,90,94
22,116,55,95
98,63,57,106
100,125,39,96
111,49,103,61
87,100,41,96
92,101,72,59
72,81,49,122
107,73,43,65
117,46,83,42
57,51,123,57
55,55,69,109
14,111,13,42
93,117,103,83
41,33,109,105
89,85,110,40
75,100,10,31
63,121,26,42
59,72,45,112
114,79,81,50
48,58,107,75
59,114,66,85
105,25,62,60
32,103,111,42
59,66,113,86
100,73,89,98
81,71,103,69
51,34,102,65
102,99,48,75
107,60,61,60
54,66,62,106
92,30,63,103
46,43,106,93
66,49,103,70
66,103,34,13
54,101,69,28
116,60,76,72
105,80,79,96
96,102,106,92
63,16,111,62
69,112,68,75
53,56,69,110
90,81,86,103
103,52,68,101
57,100,92,111
75,61,103,85
104,106,96,90
66,15,69,102
94,92,95,115
60,84,40,104
101,46,78,27
87,80,85,108
89,101,88,82
57,68,109,54
40,69,106,37
37,77,102,36
40,63,41,108
92,102,99,67
97,108,76,43
44,86,58,100
26,121,46,59
48,102,74,64
27,41,129,55
83,113,135,65
103,73,35,41
90,109,93,68
50,32,31,103
100,72,89,63
76,91,113,44
104,99,98,95
93,83,114,34
102,89,20,41
64,113,44,67
86,88,84,102
108,100,76,112
113,101,23,87
115,42,53,114
70,38,116,64
84,112,50,78
65,90,99,106
63,100,93,68
92,38,103,55
55,103,24,34
107,59,79,79
112,104,63,81
98,76,101,49
62,54,68,104
52,104,60,72
65,102,46,75
106,42,35,105
65,82,102,75
99,58,95,108
67,56,106,95
40,95,85,104
82,120,59,63
103,78,61,82
71,57,93,103
32,91,20,109
36,53,53,110
57,103,121,43
106,60,85,109
99,56,102,31
97,79,30,118
40,80,95,109
106,72,41,69
74,102,123,97
128,93,40,135
41,99,111,73
85,53,83,103
98,95,81,122
87,71,89,113
92,72,60,100
105,97,46,76
41,40,55,116
37,31,101,47
64,71,105,48
41,39,102,34
58,61,31,102
82,70,105,67
43,46,107,56
72,77,103,108
58,80,107,79
50,42,100,60
26,106,39,81
54,105,93,36
45,99,100,116
85,103,51,85
107,89,16,76
45,52,66,125
66,103,58,61
111,29,63,85
85,53,85,101
90,101,67,102
56,80,69,119
78,100,107,75
32,34,69,117
38,46,26,106
70,105,70,115
13,55,72,112
77,83,61,103
26,112,58,92
67,84,29,108
108,64,55,97
56,113,53,102
72,40,109,31
80,98,122,96
61,75,72,116
103,85,107,29
21,52,101,42
73,32,76,107
128,96,72,28
89,83,66,122
91,74,53,106
106,65,75,78
73,114,55,46
89,108,71,56
47,52,104,85
118,79,110,89
107,86,71,60
41,42,116,53
108,63,94,95
91,74,94,101
26,104,37,49
21,63,82,122
67,81,96,116
76,42,58,112
117,37,21,77
28,61,112,51
125,66,15,46
50,101,31,70
111,105,60,84
65,53,110,24
106,97,35,86
67,114,39,68
41,36,103,72
80,102,51,55
111,100,57,56
81,49,22,100
71,111,59,47
77,88,91,104
25,106,61,96
42,47,60,103
69,49,109,61
69,97,51,107
76,89,77,118
68,49,64,107
86,96,67,111
104,65,71,48
119,95,59,87
99,68,85,108
88,102,96,74
76,104,32,40
29,108,76,39
68,70,84,102
111,88,46,115
71,63,42,112
100,95,30,27
108,67,85,100
29,75,106,78
33,103,40,40
78,62,63,121
80,123,115,42
49,102,72,29
41,71,108,68
95,51,101,41
42,58,33,119
47,44,54,107
57,58,21,116
108,69,53,58
83,112,91,38
95,87,100,78
88,33,101,30
65,82,37,104
69,114,62,43
70,54,102,26
72,103,34,43
104,99,118,75
100,69,50,33
101,24,25,30
84,100,73,67
43,92,45,108
17,107,7,49
90,91,41,102
38,74,101,39
16,40,103,57
57,114,84,69
77,54,113,80
59,54,115,60
84,88,103,85
99,90,56,115
106,85,56,41
98,71,101,90
73,113,78,24
70,78,118,94
89,107,33,59
63,111,33,45
84,113,75,52
108,85,77,54
97,86,100,77
104,62,94,100
70,80,109,101
100,26,36,54
82,74,99,105
105,66,93,96
102,50,68,68
59,25,26,106
112,46,14,116
88,63,100,109
43,80,59,106
52,122,52,26
110,79,63,72
102,102,62,94
74,80,100,34
68,104,94,94
79,78,112,55
109,22,89,68
64,102,52,70
102,98,69,91
77,84,86,113
101,91,88,80
56,55,76,101
38,114,34,102
24,48,72,108
112,70,97,45
54,34,113,51
79,83,61,101
53,116,78,77
58,71,108,51
31,43,64,114
104,62,54,68
35,49,59,109
21,101,58,36
105,69,37,41
86,63,91,120
62,108,68,50
46,62,80,100
76,81,101,30
91,102,101,66
121,114,102,59
39,76,106,31
88,103,32,101
32,71,48,101
67,37,76,108
49,114,62,99
92,59,102,71
76,65,104,43
85,100,102,73
89,115,81,75
88,84,104,84
73,62,63,126
85,67,124,48
102,85,32,33
25,78,130,91
113,60,67,84
67,42,104,39
25,61,89,113
53,93,101,41
46,116,33,93
52,86,47,103
76,37,98,113
107,32,33,44
83,89,101,51
64,101,38,49
99,116,69,76
100,12,47,93
48,61,70,109
30,118,27,77
80,77,87,116
108,49,43,88
54,1,104,57
73,70,114,67
83,62,103,76
103,26,34,53
62,42,112,72
62,58,94,110
40,56,81,111
95,105,107,89
43,60,102,47
93,114,68,85
104,83,37,64
69,104,42,73
84,104,96,76
71,97,100,56
86,76,26,100
63,52,104,33
104,112,76,32
85,41,50,112
59,77,51,101
28,112,55,57
45,83,54,106
108,55,27,62
43,101,32,112
32,61,59,100
106,100,57,25
79,100,37,72
58,61,98,107
85,88,78,109
103,53,63,69
93,100,39,92
60,107,49,0
32,44,18,122
97,64,71,128
114,79,66,65
60,60,102,66
115,96,83,66
80,94,116,70
47,116,87,38
91,109,69,55
31,49,72,100
104,79,98,43
35,101,91,61
63,127,77,57
84,131,58,15
76,27,41,108
35,112,67,74
78,117,45,84
100,77,77,70
36,80,69,103
81,99,125,55
113,60,93,58
108,90,62,64
44,74,69,101
105,95,89,35
124,85,58,93
107,73,101,79
58,107,99,60
50,118,88,68
58,116,34,116
61,111,84,68
102,74,32,44
52,5,22,101
127,51,76,34
105,81,81,93
90,115,62,57
119,81,66,58
54,55,122,93
41,58,101,88
38,120,117,85
94,53,75,102
88,109,74,89
114,71,74,65
70,71,42,105
112,92,46,38
74,103,91,56
76,37,103,36
23,27,86,116
109,80,74,97
66,114,91,53
84,74,102,64
128,82,52,62
106,67,56,95
83,116,80,45
90,85,134,87
71,104,78,35
121,96,91,88
78,48,88,110
30,111,60,51
23,53,74,102
103,60,84,77
111,72,46,95
53,102,108,61
109,28,75,40
46,103,37,30
47,82,115,80
91,77,54,102
115,28,40,33
45,71,30,106
85,56,112,71
100,100,56,68
40,70,104,38
39,114,100,71
105,64,57,62
57,29,105,25
78,47,100,27
111,86,90,73
47,13,111,45
121,67,56,80
66,40,44,102
40,92,48,108
46,106,26,74
109,78,52,85
125,98,116,93
105,79,100,76
101,54,64,69
98,74,100,88
61,102,20,105
52,113,15,0
57,68,58,105
53,101,96,110
81,76,100,31
101,34,66,87
106,52,88,78
73,113,48,54
74,86,102,62
94,88,52,126
100,91,45,88
109,38,23,10
14,113,18,71
114,95,36,79
63,79,80,102
75,95,48,106
57,112,103,88
41,75,35,101
65,104,85,70
57,32,104,59
69,50,106,63
67,68,101,88
26,87,36,103
46,103,39,64
30,120,46,92
94,102,86,78
112,72,68,36
52,102,49,49
85,69,94,112
59,101,87,77
71,71,100,46
49,46,115,42
102,83,64,111
37,84,63,104
66,33,53,100
51,70,86,117
108,49,82,85
49,74,59,106
56,103,77,52
31,96,122,39
58,97,106,63
28,94,106,60
23,47,80,102
41,100,80,67
58,112,40,42
117,69,86,88
105,116,77,62
78,120,48,78
46,104,95,79
45,106,11,54
66,114,60,48
95,83,106,76
45,73,117,89
89,73,103,95
104,43,44,25
98,38,101,123
111,61,72,44
105,77,69,73
67,93,47,117
90,90,68,112
114,68,56,50
106,80,44,58
27,50,36,103
109,19,52,72
73,124,20,35
83,97,104,76
65,84,125,50
103,56,59,70
99,82,104,75
53,42,91,102
26,108,66,88
76,98,71,115
52,113,20,67
69,16,113,54
101,57,33,25
76,109,52,51
127,127,81,97
44,110,57,41
51,40,101,24
86,89,84,101
50,106,22,38
74,63,105,118
68,111,99,82
104,61,28,59
57,54,106,35
95,57,65,107
106,55,22,33
67,25,105,19
94,119,79,68
57,103,27,65
75,102,97,50
61,100,99,100
68,46,60,114
88,111,76,49
80,79,64,101
61,112,96,91
105,61,16,70
126,19,60,47
66,76,76,106
82,78,99,101
119,86,89,66
86,108,37,93
104,89,69,26
105,35,87,61
98,61,61,104
48,47,85,108
64,118,73,105
107,53,93,71
106,90,77,87
95,58,100,71
107,43,71,67
105,94,82,79
102,59,101,26
78,103,102,41
102,109,97,52
101,67,75,81
73,45,100,34
87,95,105,73
53,75,123,73
35,73,101,43
91,124,68,77
99,40,77,108
83,58,104,115
90,56,114,100
84,33,116,91
55,59,73,101
83,105,91,45
81,69,105,69
100,94,105,61
113,96,88,99
81,107,108,28
66,52,86,120
47,74,64,103
104,23,27,98
26,87,64,111
84,59,122,95
58,102,69,59
29,103,68,88
98,82,100,116
75,68,37,108
110,60,54,64
72,50,101,65
58,94,100,108
23,17,94,118
13,106,6,91
36,53,105,58
110,52,52,38
58,46,109,39
77,66,100,81
81,64,63,116
69,89,30,100
92,33,111,52
66,28,103,55
100,93,98,33
47,104,83,126
109,52,64,27
48,20,47,101
55,47,47,103
100,98,99,99
48,40,64,100
97,101,94,68
56,76,86,106
61,86,65,112
106,60,65,57
91,33,64,100
91,101,104,100
70,89,96,105
21,61,58,112
37,22,102,19
101,67,82,74
118,39,53,78
53,104,71,60
94,84,80,102
69,55,62,102
90,65,93,112
81,71,35,101
19,110,32,91
48,77,124,75
71,60,103,54
95,36,109,84
103,67,56,62
93,98,109,60
107,90,73,54
103,51,84,86
60,34,45,113
24,55,64,109
66,118,43,25
55,75,89,105
14,79,46,113
111,70,96,83
85,101,74,64
77,103,97,47
53,17,80,102
109,53,59,67
100,61,82,81
38,49,56,109
65,58,103,26
90,70,57,107
32,46,37,101
60,39,80,109
18,90,105,39
79,90,130,61
107,90,83,44
68,96,54,106
44,87,101,92
52,61,112,27
90,100,115,91
33,51,102,30
57,110,69,88
60,99,57,108
108,81,82,89
73,83,110,58
85,108,67,100
83,66,105,70
106,67,46,105
49,101,35,31
106,38,44,28
108,77,56,47
99,121,43,97
118,43,31,60
2,56,46,112
93,55,109,67
94,108,67,91
103,102,75,80
72,108,41,67
129,105,21,69
80,104,73,31
109,64,65,50
68,71,76,109
62,94,104,64
72,101,86,29
48,100,64,76
38,93,87,106
93,109,69,89
106,54,98,66
79,109,93,79
47,82,100,95
89,60,75,100
109,52,75,88
89,51,41,107
62,103,105,90
97,65,86,112
103,33,61,91
52,56,105,39
104,15,84,49
70,85,64,105
64,96,105,95
56,103,20,37
83,92,102,47
16,32,100,32
21,40,49,106
33,107,16,60
101,85,44,94
89,103,64,68
28,43,76,105
56,96,123,85
51,104,97,72
81,103,80,96
94,40,120,34
105,96,61,62
90,104,72,94
118,64,83,95
82,56,100,50
50,112,92,70
56,21,39,100
100,38,62,52
109,31,28,48
115,87,75,47
69,63,102,90
27,109,70,10
67,101,62,22
88,90,104,114
58,69,93,104
111,43,55,79
41,102,90,91
87,88,109,40
84,106,36,98
60,82,73,109
45,55,116,36
78,103,102,41
41,60,76,111
100,83,55,86
20,100,56,76
97,86,111,66
100,37,53,62
103,74,54,93
64,20,111,93
74,69,103,78
51,115,35,51
73,107,93,51
49,100,108,103
102,49,53,48
132,83,126,127
72,76,102,74
66,80,107,107
111,14,36,55
86,65,64,109
77,102,77,68
63,61,100,64
32,25,129,30
90,90,105,111
98,75,87,100
110,85,74,19
84,92,106,42
73,53,52,110
56,84,38,110
38,119,57,74
72,92,104,92
78,90,111,117
125,121,56,130
85,84,100,55
71,100,59,94
95,75,49,105
95,80,74,111
45,50,114,79
30,83,102,73
71,105,98,50
74,25,112,41
91,41,92,100
33,115,63,41
34,39,76,103
72,108,80,64
52,116,95,61
67,28,100,93
87,62,102,73
100,60,89,75
82,111,85,82
88,100,29,71
80,69,62,113
75,54,22,101
59,5,87,101
87,71,111,55
43,75,64,106
40,54,55,103
102,90,65,103
81,81,45,117
114,79,56,75
50,102,103,69
100,80,41,67
115,23,40,74
54,49,41,108
69,109,50,96
73,35,123,57
51,42,102,57
81,65,107,71
91,86,100,47
44,116,76,52
89,67,124,80
102,76,27,83
120,106,72,62
92,64,63,105
118,95,35,76
87,119,89,101
79,61,64,120
50,24,74,104
47,95,106,76
76,86,110,16
108,50,55,39
110,41,90,47
57,60,29,106
81,83,60,100
107,79,71,67
108,52,61,31
99,79,112,70
30,70,49,103
99,86,115,60
57,100,65,102
98,93,106,99
72,96,92,100
42,74,110,62
97,105,104,54
64,114,65,45
74,82,62,106
83,104,71,102
98,113,44,69
108,26,90,64
12,109,49,46
106,94,31,93
110,80,48,50
102,75,39,36
108,48,54,42
111,90,77,82
115,50,34,89
120,112,46,46
52,104,83,85
21,73,105,89
79,29,78,102
57,79,100,88
52,35,92,109
89,111,93,103
41,64,104,43
81,100,66,41
102,78,53,91
73,36,31,112
36,88,89,111
37,73,71,107
42,80,85,117
17,52,106,41
106,63,71,48
75,100,28,49
42,25,73,112
108,102,79,71
107,70,94,89
95,66,91,108
57,104,51,40
66,83,66,109
46,62,76,104
75,70,66,113
118,19,44,35
100,94,88,42
74,90,90,106
19,65,105,63
73,116,83,88
78,99,105,78
115,57,50,66
62,95,90,113
80,57,108,79
38,107,43,28
96,92,126,46
105,32,68,83
105,44,87,88
107,67,93,93
87,58,43,100
42,5,61,108
77,105,14,56
47,83,56,102
14,101,17,12
58,74,56,100
76,116,19,77
127,98,87,12
101,114,80,65
123,62,26,77
60,21,64,107
103,79,86,56
96,112,67,85
103,98,104,55
57,58,114,59
104,66,83,71
113,98,79,106
48,78,57,105
23,54,39,100
20,44,50,102
108,57,57,102
83,75,115,87
65,78,81,100
110,24,66,52
75,54,100,95
46,91,104,83
45,27,56,124
103,34,96,91
33,102,60,57
50,58,42,102
16,26,38,100
32,56,105,95
108,62,75,43
78,83,58,105
102,79,53,90
113,52,37,14
52,113,67,92
101,73,115,71
74,100,41,109
93,117,55,95
78,132,67,119
45,61,82,100
67,101,52,104
125,70,59,70
90,88,41,105
74,62,106,82
90,95,105,70
45,125,21,61
77,64,120,63
110,97,99,54
78,68,76,102
71,44,100,73
59,88,39,102
106,61,110,83
92,108,67,93
46,59,117,66
21,104,90,37
62,110,56,24
72,98,53,101
73,12,105,26
70,66,112,40
74,99,111,112
57,106,48,77
94,109,85,36
109,93,58,28
114,99,64,47
49,29,116,58
67,112,83,98
100,66,80,114
112,112,76,96
101,72,96,55
41,101,72,38
35,45,100,72
92,69,81,118
72,131,22,27
114,44,66,100
128,104,99,65
95,104,109,88
97,41,102,84
101,19,72,60
68,82,100,110
98,103,49,38
100,65,78,45
59,50,111,68
93,71,90,106
51,33,101,67
64,77,112,71
112,60,69,83
36,80,107,101
109,35,71,109
102,0,69,45
45,63,101,79
40,103,27,46
59,50,76,103
101,51,61,75
77,121,98,64
92,101,68,99
63,69,101,55
84,65,116,23
108,57,83,76
75,77,46,126
40,29,72,111
102,97,57,104
59,52,117,60
94,103,53,74
90,96,97,113
100,89,31,68
86,77,100,61
83,75,104,98
102,56,31,27
104,78,50,92
74,104,55,91
80,92,104,84
26,49,66,111
73,103,81,67
102,66,54,66
47,33,108,64
60,52,40,100
107,36,17,56
112,86,46,44
61,92,117,90
100,88,87,85
118,73,55,42
107,96,53,68
29,84,72,103
104,59,104,93
108,46,48,86
104,63,68,89
88,81,85,106
11,34,35,100
59,53,31,109
51,56,103,42
103,92,104,61
97,103,63,97
114,57,40,41
96,108,80,76
108,89,84,79
111,95,102,88
32,101,45,38
16,36,25,103
58,86,111,69
49,37,20,110
86,72,98,104
96,92,70,102
60,30,53,109
52,65,60,111
87,69,79,125
100,36,32,48
102,52,100,70
74,62,83,105
74,112,66,108
97,92,99,108
127,90,69,110
93,50,70,111
86,120,85,69
95,91,101,73
41,16,78,117
57,106,26,63
35,111,55,87
80,21,114,73
97,16,103,72
96,49,41,102
85,98,89,124
38,61,85,104
102,55,19,40
103,60,37,88
96,33,105,54
74,64,46,104
25,113,39,39
105,61,68,54
94,78,84,104
73,78,65,108
87,92,88,129
115,48,48,41
68,78,104,74
43,13,54,106
56,25,104,67
91,77,50,106
50,85,28,125
29,100,116,43
77,69,71,107
49,105,75,95
127,130,53,122
3,72,67,110
75,111,58,80
71,85,74,130
81,101,93,85
81,15,101,55
67,101,52,32
105,43,70,70
64,82,116,62
102,93,93,108
101,99,47,77
91,73,89,107
100,52,62,38
67,55,114,52
78,40,104,66
72,116,75,133
60,55,102,35
101,95,64,64
89,64,102,69
103,53,36,96
58,110,33,87
18,94,38,102
49,74,102,99
119,102,96,43
120,43,48,41
101,52,97,38
82,78,118,82
117,83,54,70
104,90,92,38
13,101,67,71
111,58,87,32
103,75,79,67
99,107,24,94
105,36,69,78
91,40,105,52
40,104,44,64
55,77,81,111
104,108,97,87
113,37,24,42
61,55,29,107
36,85,101,66
119,91,90,60
58,35,52,107
60,60,32,100
106,51,76,55
66,99,116,79
98,106,88,104
95,94,97,110
62,102,57,31
104,42,93,49
48,117,126,69
91,77,88,104
79,90,107,84
94,93,117,92
109,98,74,43
101,65,99,23
54,64,128,42
49,104,68,67
52,108,67,97
49,105,61,37
37,119,63,33
100,66,11,75
100,100,76,48
96,100,51,77
5,69,100,42
107,51,61,33
130,34,67,57
100,79,63,10
36,113,69,70
39,103,65,45
67,26,77,118
72,87,110,91
20,100,92,112
50,59,104,75
81,68,75,100
38,42,101,71
70,96,91,103
49,30,109,64
84,109,68,99
57,56,119,56
95,120,100,81
113,39,42,94
102,47,53,50
67,60,102,23
23,107,62,60
113,101,50,60
98,61,107,58
106,57,10,43
52,112,68,20
88,104,95,73
60,78,109,77
69,37,44,102
47,49,103,53
55,44,89,100
90,105,41,52
42,85,89,108
73,66,107,42
32,44,66,110
57,67,112,52
101,61,55,71
85,64,106,105
38,54,94,102
29,53,101,69
76,99,38,111
114,83,91,72
109,24,71,84
104,71,99,86
100,112,45,67
114,90,86,106
63,73,101,51
106,86,39,57
56,64,119,49
22,100,45,49
118,72,42,56
26,44,109,37
51,84,107,46
97,72,91,100
45,95,78,106
88,121,55,96
76,44,124,80
83,79,102,60
107,64,71,46
69,103,92,60
77,34,61,116
87,103,91,115
76,78,111,23
52,79,75,118
25,65,107,55
73,84,101,66
60,97,103,100
56,101,54,41
109,89,77,85
48,34,67,103
102,59,78,49
109,52,84,79
104,51,92,77
77,110,77,96
120,81,29,58
58,93,104,33
35,74,106,73
121,100,51,52
61,105,62,60
110,94,56,28
49,46,103,90
30,39,108,39
68,101,25,22
111,55,86,72
96,118,52,58
18,106,13,43
96,17,84,127
77,86,109,52
101,29,68,90
34,81,28,109
98,25,100,65
103,70,79,72
97,106,72,85
31,36,74,111
36,29,108,79
50,102,107,29
98,37,43,110
62,102,36,52
64,40,42,106
43,53,18,102
62,73,111,42
100,70,47,35
90,83,86,101
75,91,44,114
86,58,126,54
97,100,75,88
106,96,82,40
110,86,58,70
50,39,113,14
64,101,50,73
36,84,59,109
96,104,76,48
21,60,58,113
62,116,92,54
92,83,81,104
102,62,97,99
94,106,55,105
103,44,27,42
67,74,68,115
59,70,52,107
88,85,60,127
106,85,97,108
87,60,120,93
46,115,59,68
65,52,60,111
91,57,62,114
78,56,48,106
41,14,10,115
113,57,53,29
88,61,127,84
120,49,79,76
110,93,85,72
66,75,76,107
101,42,49,24
107,52,73,20
69,66,10,107
103,91,70,24
87,111,100,62
84,102,113,61
13,81,51,107
68,82,113,25
115,97,65,83
84,106,94,76
35,40,103,74
76,51,93,104
57,93,104,70
65,86,85,124
101,99,77,83
61,105,113,81
53,55,103,77
113,42,53,80
102,65,87,106
113,64,110,73
19,73,118,78
94,68,55,107
105,60,34,17
102,92,72,94
120,29,19,12
102,64,21,65
120,71,100,105
78,118,86,42
106,68,88,26
101,88,51,84
120,75,88,77
28,56,103,29
61,75,51,101
72,41,64,111
80,101,85,94
105,35,54,58
56,100,46,86
75,59,105,85
74,107,33,38
68,80,118,58
103,33,11,105
27,80,40,105
70,81,37,100
57,72,101,94
34,81,113,24
76,60,104,84
113,82,50,79
31,42,28,115
21,101,69,97
78,102,84,96
42,81,61,104
101,94,54,39
44,117,90,37
115,88,67,54
84,83,55,102
83,68,54,119
39,114,64,35
47,100,12,93
100,23,95,70
104,26,92,102
113,54,24,61
101,79,106,74
109,79,46,90
75,73,103,73
33,50,33,100
98,104,79,43
23,104,44,45
60,111,29,52
66,100,37,49
102,93,72,93
107,74,76,67
87,102,87,84
56,100,71,97
75,100,99,86
77,43,100,32
104,49,96,39
51,91,109,37
74,110,88,52
87,52,74,111
93,73,104,90
118,25,83,26
47,102,100,39
117,61,60,86
116,41,74,57
79,83,104,22
105,85,58,76
14,102,58,42
73,42,114,59
102,64,35,15
107,110,73,34
111,47,90,40
65,92,116,87
89,66,52,117
105,83,54,82
40,104,28,44
101,68,35,48
121,62,78,63
58,94,67,105
73,91,95,101
112,81,81,86
114,32,78,64
97,101,68,58
52,71,57,108
106,24,57,101
102,57,13,80
44,105,18,49
100,76,101,83
34,111,30,41
82,103,80,23
61,119,39,69
106,90,29,99
89,25,103,35
81,84,127,68
103,45,28,76
95,87,39,103
38,60,62,128
66,72,48,102
102,86,103,69
83,93,102,46
64,101,79,80
111,32,60,49
84,116,95,65
67,84,101,108
82,96,99,119
58,99,100,67
38,116,25,73
50,60,75,103
101,80,32,75
77,100,58,53
61,94,111,58
119,63,48,58
88,102,55,115
109,43,110,98
22,7,101,14
114,92,104,86
87,95,68,110
99,91,106,28
59,89,31,109
69,18,55,110
101,55,67,101
79,80,108,57
79,108,83,90
94,58,71,101
36,34,82,100
100,57,102,29
61,110,83,70
98,100,112,86
56,78,70,120
60,70,113,45
103,74,90,57
107,6,84,55
41,49,87,111
112,32,70,38
41,103,87,57
79,108,79,94
41,27,110,38
76,34,103,75
37,102,48,65
105,56,61,66
33,52,96,107
108,81,75,96
107,70,69,114
119,31,69,69
109,95,98,22
58,31,53,110
95,68,46,115
52,64,64,108
60,68,94,102
77,119,78,86
103,60,9,44
99,68,100,93
48,134,48,22
105,82,102,71
76,47,88,113
68,55,23,106
102,105,35,46
100,58,30,100
106,103,76,39
103,83,74,100
70,48,105,65
98,114,67,45
109,65,48,102
45,40,112,55
63,78,72,111
57,83,104,44
112,109,65,74
77,115,129,75
47,67,100,74
65,100,26,25
81,45,103,23
98,45,77,104
66,105,83,70
129,33,102,24
100,85,100,39
79,80,41,124
107,42,55,84
61,90,89,120
62,106,90,66
45,104,50,53
103,114,27,116
100,70,60,94
51,103,51,11
85,52,123,100
94,75,101,90
38,29,62,123
109,89,54,72
103,33,89,99
95,106,105,90
102,98,108,52
67,123,91,79
79,75,98,108
44,116,24,68
55,110,66,57
74,105,75,106
9,100,54,89
91,83,102,84
60,104,37,51
105,70,97,52
71,107,87,95
70,94,93,103
114,70,78,62
77,50,112,49
87,98,61,114
102,64,59,99
48,90,49,101
101,18,11,50
50,40,14,112
53,63,112,24
101,50,34,67
38,63,80,107
47,56,7,106
69,60,117,42
58,70,88,108
76,64,91,129
82,63,103,76
42,73,97,112
115,54,36,83
47,105,51,13
83,114,37,90
52,126,84,26
64,119,31,74
47,44,102,59
105,15,32,64
66,106,45,35
120,77,97,102
85,104,94,77
58,46,84,100
112,122,71,127
44,47,102,95
71,58,101,58
85,66,56,117
69,105,88,62
27,108,40,41
68,55,28,101
7,22,119,32
80,104,53,51
93,108,67,56
83,87,109,81
60,96,104,100
47,63,112,66
32,103,42,39
84,80,112,84
110,69,82,63
97,96,67,100
99,89,88,120
89,67,99,105
68,115,87,18
72,47,31,102
103,91,68,98
67,102,73,82
89,103,69,27
84,62,35,107
65,112,63,48
51,80,100,57
44,102,50,92
108,94,90,68
66,53,55,114
107,34,25,50
71,73,66,114
103,87,78,92
129,70,62,63
128,70,58,32
15,66,129,78
65,89,102,32
106,69,49,64
28,104,46,38
111,51,87,75
18,42,43,113
93,114,57,96
92,79,107,46
110,6,32,32
95,87,78,100
125,45,77,77
52,64,120,88
116,41,43,16
81,117,84,78
106,30,19,61
64,73,47,104
102,74,80,68
45,63,108,36
32,113,33,74
116,70,75,99
24,54,68,106
104,101,117,74
37,116,45,90
49,39,24,104
107,84,74,23
39,104,90,19
88,66,69,101
31,13,34,102
80,63,109,36
39,72,36,105
77,55,109,47
30,79,31,112
31,74,59,124
116,46,38,52
65,44,107,72
71,59,85,109
77,68,31,112
66,96,127,71
105,86,95,74
76,48,50,114
20,101,101,66
46,75,66,101
55,105,46,82
53,102,82,87
103,61,96,100
75,87,59,103
75,102,74,109
43,102,40,67
47,74,113,54
60,52,50,126
103,42,79,100
32,84,35,101
102,43,70,37
74,100,97,89
86,100,99,111
120,74,81,85
105,92,77,86
50,100,85,89
75,49,81,119
112,56,45,75
66,58,95,105
77,28,113,106
99,109,96,92
128,31,94,71
109,43,13,51
129,78,98,91
101,63,100,96
37,109,77,101
16,31,101,32
101,76,80,103
106,54,68,60
97,118,79,66
104,87,96,109
19,40,41,116
99,102,83,40
60,59,100,69
102,47,43,60
123,106,81,86
40,106,85,93
105,112,86,57
108,63,22,59
65,66,113,8
109,16,74,53
92,71,102,23
85,85,46,108
53,81,52,102
65,88,104,103
43,102,23,48
64,98,26,100
47,23,21,125
99,103,86,36
73,97,54,100
75,89,101,95
87,129,100,44
96,51,106,71
5,4,120,15
114,30,50,58
100,74,78,72
48,81,106,53
72,110,69,37
119,122,113,78
57,44,49,102
53,100,68,31
114,83,70,57
97,107,75,45
59,126,68,71
91,111,85,73
77,60,37,114
75,100,72,113
47,48,89,104
99,47,72,106
102,50,28,72
80,91,102,87
129,33,54,36
63,104,58,99
90,116,28,54
30,71,112,39
59,36,86,107
38,104,34,40
111,48,88,41
82,83,101,58
37,39,67,109
76,102,89,57
118,55,52,63
37,97,53,101
61,104,46,77
69,74,100,45
109,67,73,75
73,68,116,103
67,107,47,67
73,73,100,6
30,109,7,34
64,42,111,71
54,128,49,57
83,125,70,82
102,34,36,44
102,75,114,69
90,101,61,72
93,101,32,26
87,100,67,70
93,62,68,101
118,27,58,49
66,65,15,106
85,106,86,83
101,74,42,107
107,107,97,13
66,43,95,120
33,124,63,68
87,64,73,100
109,53,55,35
20,36,108,52
1,18,101,24
81,102,86,55
100,118,47,95
76,24,28,124
47,60,107,110
104,91,63,66
48,48,101,91
44,73,103,68
43,109,85,87
65,105,86,68
29,54,93,112
42,55,80,111
38,95,42,113
95,37,103,53
78,91,44,111
63,87,103,71
111,61,29,87
73,92,41,118
65,89,111,95
35,113,57,47
103,70,53,62
64,131,66,99
71,114,77,98
97,52,107,104
100,109,68,83
77,58,102,87
78,112,75,95
104,87,45,52
61,53,110,64
90,94,105,71
31,35,124,26
63,104,102,55
115,53,74,82
59,58,65,106
38,105,60,49
47,105,85,87
47,57,115,69
37,73,110,32
58,94,69,103
113,19,59,25
62,87,103,36
65,105,97,93
71,92,54,107
35,110,73,70
103,115,72,70
88,101,91,80
51,24,39,102
113,80,47,84
59,100,91,74
75,82,110,57
99,107,75,43
56,85,103,44
42,43,98,105
51,79,45,113
50,107,66,65
107,94,58,101
70,103,88,27
101,63,122,74
9,109,14,12
100,33,57,62
104,12,36,64
37,53,56,106
65,45,101,41
64,103,65,56
101,63,41,47
108,60,46,38
82,76,108,94
102,48,67,35
36,107,46,63
81,105,92,118
62,97,23,106
88,85,61,126
62,71,54,101
84,59,102,43
119,77,18,74
86,83,72,119
38,103,74,73
53,108,63,64
80,44,105,95
61,73,101,89
90,59,75,100
23,39,102,52
102,50,43,57
134,87,118,57
96,107,78,79
70,64,101,53
85,111,76,52
86,104,78,56
43,102,93,86
91,78,100,91
64,81,58,121
50,21,101,80
99,70,90,101
76,81,25,106
79,46,112,87
48,105,37,98
62,102,48,40
68,38,100,46
76,105,84,95
98,92,67,103
93,103,43,49
54,73,100,61
82,33,122,51
42,102,102,42
56,28,103,101
102,75,37,74
90,65,112,93
51,69,109,95
101,41,53,57
103,80,57,84
105,20,45,82
121,45,51,71
23,114,94,57
97,102,88,109
101,74,46,67
92,113,93,98
74,97,89,100
104,55,45,48
36,95,111,82
62,49,22,119
71,115,93,81
69,56,23,104
71,93,102,94
85,41,57,105
42,49,41,120
113,18,92,65
72,58,94,100
113,82,71,94
85,118,35,50
107,83,39,59
33,100,73,82
37,28,102,85
46,93,84,101
60,90,104,70
89,40,59,100
89,72,112,87
95,111,90,64
109,68,28,83
38,118,25,107
56,66,109,93
84,91,67,118
51,24,104,37
103,109,88,96
42,61,45,104
59,77,84,104
34,60,52,106
109,92,108,87
57,34,50,111
92,58,69,105
102,49,99,110
97,127,134,110
109,88,65,62
100,39,16,97
85,31,110,62
64,49,33,106
32,109,25,86
101,56,76,91
88,79,103,90
32,114,94,84
70,124,39,55
63,66,95,100
113,69,96,46
120,63,79,98
113,86,97,64
68,92,98,102
65,64,109,86
82,74,100,32
91,68,115,50
44,94,79,107
45,42,58,107
109,58,74,83
98,96,75,127
66,107,77,74
56,82,119,103
101,101,118,76
83,85,122,70
77,97,121,29
109,55,60,100
107,90,41,50
36,64,73,115
102,56,96,70
105,64,54,65
109,70,63,82
90,105,86,79
110,64,53,61
56,32,55,109
47,42,100,27
34,62,17,103
68,56,28,100
31,100,32,53
10,26,33,111
70,71,102,81
76,45,104,99
57,95,105,103
123,96,66,111
59,26,93,110
39,102,42,69
104,92,95,69
70,68,84,102
79,105,89,51
62,21,107,26
118,35,28,35
104,43,35,70
89,100,44,55
108,72,88,92
46,79,111,52
126,47,66,85
103,46,53,14
74,56,22,100
69,86,105,64
23,63,66,100
54,107,61,30
105,78,59,46
93,120,86,97
106,28,88,66
71,90,101,98
127,77,80,40
45,67,106,34
66,51,110,25
75,85,22,106
84,92,108,76
125,17,117,101
66,100,78,80
102,78,83,97
64,60,102,26
66,28,105,89
67,107,83,103
87,48,48,105
52,101,89,82
45,48,103,92
97,92,95,112
109,43,54,82
100,33,94,61
115,49,66,58
122,90,86,98
107,63,77,77
53,51,104,44
60,121,1,70
68,72,70,114
114,27,107,40
93,89,41,101
61,47,105,111
116,73,5,58
50,101,69,32
48,108,118,122
113,76,57,78
82,71,103,104
30,105,37,44
104,106,74,40
47,61,106,110
85,107,75,57
117,92,102,85
91,127,72,70
51,74,106,93
102,54,60,36
74,72,109,69
50,78,101,95
40,50,106,92
46,27,4,103
57,47,100,84
64,106,92,98
107,64,44,73
74,49,102,99
109,85,81,85
61,58,116,17
114,67,47,60
81,97,100,118
93,40,86,105
61,117,85,97
13,41,102,60
29,100,66,57
75,55,104,54
96,100,61,31
55,51,110,72
89,49,108,78
118,90,98,54
82,57,83,102
91,90,63,116
83,24,110,35
103,15,67,31
29,40,43,104
70,103,34,45
58,59,49,122
97,92,103,68
38,71,109,70
57,42,100,53
102,99,72,51
89,71,103,61
99,116,95,122
47,99,120,58
98,60,103,63
96,109,50,69
95,110,89,66
110,72,84,94
85,94,116,65
6,61,8,105
55,101,87,117
115,70,75,64
48,116,61,63
55,42,107,84
111,30,73,38
92,93,114,61
110,52,76,86
102,34,97,91
54,74,100,96
81,100,95,84
65,106,79,38
106,61,84,37
102,62,61,63
86,128,85,61
111,89,60,64
91,98,104,103
74,44,107,63
61,99,99,101
73,70,80,101
48,110,81,49
102,38,55,57
109,42,57,44
78,100,23,51
107,68,69,80
64,115,60,85
95,57,100,72
59,109,82,38
79,100,46,63
101,57,70,60
61,65,23,103
27,101,56,32
33,45,35,103
112,33,81,98
59,49,64,116
66,47,116,23
74,14,88,112
100,95,87,78
62,89,107,66
102,65,69,52
102,68,44,74
118,86,61,95
80,55,115,74
73,108,75,104
102,84,58,80
54,100,106,28
88,9,125,66
103,26,75,84
35,19,59,103
75,58,53,102
102,53,78,55
104,20,55,73
116,67,102,39
71,67,104,46
39,102,68,43
112,57,96,95
109,70,39,106
78,69,102,39
28,101,73,86
15,42,100,59
70,109,95,86
117,41,81,49
77,106,88,53
74,102,83,65
74,114,78,94
77,44,102,65
64,96,99,101
104,92,69,95
104,87,56,77
53,109,46,44
112,62,18,96
91,110,20,67
103,61,73,87
38,48,27,103
75,123,50,76
118,25,50,59
68,103,81,72
48,106,101,69
66,69,51,102
83,70,64,107
61,100,43,48
67,100,70,87
54,105,53,76
74,85,59,106
106,99,86,69
85,101,47,55
111,54,34,53
84,50,90,100
88,68,113,55
41,88,135,132
113,68,63,80
78,54,110,46
101,66,68,53
93,83,79,105
43,106,11,56
28,108,31,85
121,69,48,50
63,69,104,88
111,39,14,52
114,50,52,108
62,115,39,36
51,114,34,89
29,121,50,88
60,54,70,104
114,102,71,73
102,44,110,32
113,53,60,98
66,79,41,102
59,30,24,103
12,124,79,73
32,101,68,51
95,82,113,106
82,8,59,103
103,90,56,39
106,63,64,91
110,41,97,76
90,53,110,35
36,109,43,100
80,92,103,85
111,47,127,111
37,87,83,117
86,54,35,113
42,63,30,117
45,91,104,48
36,99,85,104
87,76,104,57
66,35,80,107
53,44,88,103
108,15,41,52
65,103,86,34
63,107,65,17
121,80,80,79
133,70,84,109
88,105,65,102
73,101,61,89
45,76,104,27
88,74,102,60
69,100,109,118
81,80,84,115
16,115,1,48
125,58,40,29
59,79,84,102
71,72,81,100
113,59,71,45
108,82,84,86
103,79,60,82
86,47,100,91
106,99,92,99
118,55,70,81
112,50,98,100
96,83,110,107
26,122,84,56
108,52,112,52
76,68,110,34
101,56,75,56
108,64,44,36
53,53,45,101
78,110,87,85
36,45,32,103
37,103,106,78
32,73,38,109
43,102,58,49
52,106,75,55
93,96,56,115
81,53,41,113
96,62,98,104
33,103,84,104
61,108,65,54
78,20,66,124
28,41,110,73
93,42,83,106
51,59,25,117
107,37,79,65
76,103,55,54
117,38,38,23
77,102,79,102
39,58,114,77
104,88,74,94
101,104,85,70
54,84,101,121
116,82,64,98
48,106,82,88
78,88,112,46
82,76,92,110
102,60,23,103
81,43,108,56
37,92,91,104
59,120,40,33
78,105,119,94
58,39,38,117
44,110,72,62
54,83,105,82
89,129,68,74
43,99,105,77
66,65,92,101
66,113,85,96
45,101,83,95
66,59,108,55
44,106,53,49
104,68,71,81
88,60,122,90
86,49,105,84
107,84,77,92
99,114,66,81
110,91,88,71
46,56,104,46
86,61,111,30
77,93,111,43
88,74,116,82
18,101,104,65
27,102,66,57
50,77,22,103
56,18,100,6
100,51,8,21
49,36,87,116
85,107,97,71
106,2,90,54
75,67,66,116
101,68,73,82
95,110,106,85
59,101,107,93
76,103,45,64
101,43,42,30
60,42,114,72
105,51,89,43
25,41,78,108
71,120,75,94
84,49,79,112
31,30,103,88
98,101,64,97
87,66,62,109
92,61,111,60
126,73,105,92
80,92,100,88
106,76,90,52
57,45,75,111
92,72,102,58
97,98,64,101
109,96,96,59
66,62,88,108
58,43,102,85
89,111,95,65
94,105,98,27
30,51,106,29
24,113,78,73
10,76,30,100
102,80,70,108
109,19,54,34
92,46,80,106
63,110,106,81
70,66,50,102
52,109,103,60
77,33,74,104
67,107,73,41
5,53,11,111
52,37,18,109
56,59,112,97
59,103,92,70
105,75,8,64
103,69,51,65
73,27,103,13
97,83,114,102
91,52,79,102
89,98,106,103
47,62,38,105
45,102,57,12
25,62,128,73
83,38,53,114
54,13,109,76
109,90,87,74
66,118,24,80
93,109,53,33
118,89,71,46
105,63,52,68
100,54,86,84
96,101,47,80
110,88,113,85
104,40,57,87
92,107,63,62
37,25,77,113
34,59,57,102
107,72,79,66
71,87,101,101
63,102,32,19
41,104,26,45
73,106,100,45
110,85,82,83
54,31,66,101
70,65,105,84
108,36,74,70
48,120,77,79
109,67,78,34
111,67,80,102
19,105,60,32
65,110,85,100
59,67,20,106
51,50,15,100
102,83,107,104
46,42,116,84
64,105,52,31
87,85,50,102
54,46,81,107
45,111,98,70
79,100,105,76
82,43,108,19
38,69,115,102
56,64,61,107
73,94,117,76
101,23,60,68
111,39,76,98
54,101,88,45
75,30,100,47
76,78,111,59
55,67,103,63
91,96,110,63
89,90,103,78
49,100,105,70
107,42,56,47
74,81,110,59
92,104,101,99
59,84,100,81
96,54,72,102
41,109,36,66
94,93,69,104
101,89,53,45
38,109,35,34
120,60,82,98
75,63,86,100
100,90,57,113
98,94,101,103
79,63,42,104
103,102,64,91
113,80,100,103
103,55,90,76
121,101,124,86
102,88,101,105
78,100,77,69
51,117,52,32
39,62,85,102
78,101,96,85
130,101,25,104
106,93,44,45
100,108,62,54
71,101,103,49
33,60,104,55
83,91,81,105
69,108,29,82
61,75,52,100
77,50,40,121
86,52,50,100
71,75,115,63
80,102,77,65
104,88,46,50
51,105,97,35
107,88,55,74
99,91,58,112
81,110,39,58
44,27,117,28
83,100,37,68
71,26,48,107
90,111,102,93
114,18,35,85
95,88,114,63
57,78,104,85
43,55,89,101
102,92,49,81
31,106,79,72
70,102,34,82
74,34,37,107
84,102,65,37
57,107,82,42
64,17,108,27
77,103,86,94
81,129,86,64
49,102,102,71
103,65,96,96
64,38,85,101
84,108,54,78
135,86,100,75
29,26,109,52
63,102,54,69
75,101,107,77
114,57,88,101
62,28,113,49
60,53,30,109
50,101,116,93
67,103,34,84
72,68,42,106
68,102,51,103
111,23,75,43
70,101,44,37
48,105,49,86
102,73,82,67
106,95,100,95
32,108,45,31
97,45,102,80
52,110,68,58
58,79,84,103
108,74,61,81
106,40,81,61
110,109,89,52
23,68,92,105
79,101,67,77
39,106,83,60
105,22,38,87
80,53,101,90
37,86,106,95
63,56,96,109
76,110,28,38
49,56,45,102
115,88,70,51
65,81,114,64
100,67,56,29
99,56,119,86
117,44,96,67
12,102,14,16
107,56,42,11
11,99,106,72
51,118,63,92
111,60,64,89
109,46,110,59
103,72,70,115
63,108,85,68
83,105,83,89
63,107,66,88
65,51,107,65
71,61,102,90
87,68,102,67
9,65,122,56
46,76,122,80
93,45,115,71
36,47,101,68
52,21,7,100
100,71,89,100
104,30,92,62
107,78,54,49
92,102,92,74
48,80,84,112
95,102,84,79
98,65,84,113
57,124,78,101
88,120,95,93
96,100,71,93
109,96,76,79
79,60,110,39
78,119,106,93
80,103,74,67
103,64,68,89
57,46,102,47
75,101,38,74
99,101,81,43
63,102,88,71
115,80,69,60
67,113,62,46
43,53,55,101
79,104,57,120
94,88,103,39
57,65,25,105
108,70,87,95
80,67,104,73
48,98,38,104
100,14,37,65
73,102,58,55
114,101,84,61
114,56,75,43
66,100,77,45
56,98,81,125
16,108,80,84
80,62,102,44
52,82,100,54
109,73,80,98
79,61,106,78
54,99,95,112
79,54,91,100
35,44,111,62
102,105,27,54
69,36,41,106
112,44,68,64
48,105,55,44
39,20,46,111
91,123,88,94
72,107,57,16
71,62,65,126
76,80,67,101
41,106,44,61
69,103,56,24
54,107,95,104
111,31,62,48
65,116,85,94
77,59,103,85
51,66,103,32
48,49,52,103
106,99,66,89
100,86,100,74
124,76,88,72
77,118,101,64
103,73,31,81
61,86,96,117
54,103,89,78
59,127,95,115
113,88,92,103
109,35,83,61
55,65,82,122
75,106,87,20
77,99,100,84
76,104,59,85
100,102,81,77
73,61,52,102
96,75,109,80
106,74,96,48
67,80,72,105
23,117,99,85
85,104,69,66
96,129,49,86
102,84,109,65
110,62,59,21
8,37,103,32
44,51,114,79
35,63,106,48
75,75,57,117
106,36,22,16
68,106,75,75
45,100,14,21
93,96,54,117
101,124,20,79
103,99,80,114
101,49,22,44
113,58,106,83
50,82,116,40
104,79,89,52
101,72,89,62
110,90,64,60
100,69,54,65
106,78,47,93
35,110,84,59
117,62,86,95
66,111,79,68
116,62,50,96
105,101,86,104
102,93,102,99
89,104,69,98
90,106,43,49
105,73,79,67
125,43,48,36
101,44,90,53
81,103,68,36
30,77,108,73
87,62,61,114
109,64,87,64
19,102,53,78
101,105,63,91
38,112,93,45
44,65,27,116
57,123,98,82
70,126,65,27
55,112,70,51
67,70,76,111
104,74,98,84
92,101,64,67
90,51,83,100
83,104,80,57
63,53,33,103
62,98,98,102
107,80,73,100
88,34,63,103
56,101,51,44
72,79,102,71
48,63,76,101
102,67,79,112
60,70,90,104
104,55,57,72
24,95,92,113
36,35,109,72
47,46,45,114
75,89,57,103
91,90,75,104
91,82,71,116
109,29,92,94
77,59,100,52
56,44,40,112
108,63,53,28
26,106,80,76
105,82,69,104
41,115,69,63
54,88,110,72
103,59,80,82
101,57,22,108
108,95,54,31
113,83,95,69
102,78,66,42
110,103,39,36
18,113,10,39
88,97,124,87
72,43,69,104
103,108,75,38
28,53,19,116
113,45,69,97
31,74,24,123
106,34,11,65
92,100,24,36
71,17,59,105
42,105,91,86
113,104,98,45
36,115,51,50
65,117,99,79
80,95,43,106
105,73,85,97
91,111,59,99
48,66,126,84
53,98,111,98
102,60,106,92
106,63,66,53
92,65,66,101
131,77,90,62
56,114,55,99
125,68,66,101
102,98,84,76
49,66,26,111
70,58,87,109
54,90,107,73
60,25,97,106
80,50,103,91
77,107,36,104
106,63,41,78
84,100,104,72
108,47,51,82
119,77,93,107
103,95,43,83
56,33,100,27
73,105,71,39
45,63,100,80
108,83,104,65
70,102,99,53
21,43,75,113
104,64,95,61
45,48,112,11
25,69,111,83
100,33,99,56
101,41,58,124
64,39,19,130
10,41,103,62
60,116,60,52
109,39,50,54
45,17,109,45
90,103,46,85
15,50,48,103
83,111,42,88
50,60,110,32
105,52,69,62
28,107,37,80
70,38,36,108
58,111,95,96
83,100,74,67
80,90,46,108
109,98,97,92
91,74,91,104
104,55,83,46
69,123,51,45
84,107,36,61
90,43,29,126
68,91,74,127
63,101,43,45
116,77,33,62
21,43,100,52
70,108,76,70
44,73,118,89
101,32,66,53
54,50,105,43
75,82,102,101
55,100,80,89
33,100,29,90
103,49,99,73
70,84,117,89
75,50,48,115
89,78,77,116
101,69,72,46
36,40,104,72
34,87,56,111
83,82,101,58
97,40,42,109
78,38,106,66
86,84,103,87
104,51,58,39
70,87,101,102
46,84,102,56
106,67,40,39
81,81,60,102
71,131,76,118
62,126,84,88
49,54,102,83
87,86,85,102
7,105,45,59
84,90,71,115
81,97,109,73
103,81,37,31
85,81,93,101
67,60,102,59
111,58,64,91
39,81,67,101
98,72,115,75
105,67,68,48
79,79,105,25
37,42,114,59
98,105,46,111
38,59,52,103
98,66,96,100
25,118,50,95
112,84,74,90
18,72,42,120
58,100,35,95
101,29,59,63
39,104,54,91
41,26,83,102
88,81,103,16
107,43,87,87
93,46,112,37
91,52,81,100
61,100,54,109
102,70,86,66
36,101,50,65
66,27,49,110
112,32,46,26
67,52,77,128
83,25,105,75
51,84,106,47
81,45,109,17
112,113,73,62
71,102,60,19
97,103,25,63
26,70,111,81
25,67,127,33
74,92,87,107
56,106,97,101
67,41,42,102
78,82,109,55
120,60,80,100
50,37,102,63
50,65,125,48
46,84,48,110
110,71,53,54
73,111,25,79
97,56,67,104
118,67,44,59
103,37,100,84
64,68,52,104
70,78,101,75
96,110,28,54
68,62,92,102
73,57,82,112
100,67,29,56
56,115,82,71
116,84,54,70
117,62,82,63
104,71,38,75
92,84,100,120
96,88,100,40
57,102,34,95
39,105,78,30
105,95,130,66
109,21,76,46
108,75,94,83
99,106,92,99
67,101,114,42
115,55,64,90
95,39,101,17
98,84,101,77
115,96,70,79
73,106,32,41
110,86,50,78
94,114,46,70
8,120,86,38
51,44,91,102
97,99,94,106
39,103,14,60
63,71,68,122
67,74,112,71
66,88,87,119
100,73,62,53
62,116,96,50
102,70,22,58
89,28,32,103
78,107,77,62
95,87,111,67
86,114,83,77
119,91,81,33
90,79,107,84
68,50,65,105
107,70,38,73
42,59,103,48
81,73,114,92
119,59,80,66
62,100,57,69
117,31,69,35
58,67,101,62
89,32,104,63
47,20,36,113
109,76,87,88
78,111,76,95
52,26,22,116
105,46,96,77
123,90,69,42
28,106,52,66
73,73,39,103
79,61,121,63
55,72,13,112
108,80,121,123
60,117,64,47
55,100,76,57
52,104,92,40
93,108,109,86
92,62,32,102
106,72,48,62
68,101,76,79
57,110,72,85
42,101,55,18
70,50,101,67
91,101,85,83
51,79,103,91
73,109,57,85
69,86,33,100
87,96,109,104
74,89,109,52
112,93,102,53
59,108,95,98
30,49,34,103
83,85,82,110
94,107,79,80
71,59,46,112
76,92,52,104
108,77,83,92
46,101,80,61
105,82,82,91
51,46,88,103
54,94,101,75
111,41,53,47
118,85,105,52
21,101,59,35
86,65,100,73
83,99,111,67
41,103,88,92
52,105,83,84
88,100,52,48
68,54,87,115
29,59,103,61
65,81,101,113
121,66,81,92
102,50,112,96
86,112,51,75
47,64,61,116
42,107,91,48
72,46,58,112
81,103,88,88
31,103,59,95
74,59,101,18
81,39,64,104
83,65,106,70
119,49,60,60
27,99,47,115
74,74,110,30
81,68,63,112
54,107,64,63
70,44,100,74
75,111,80,58
82,43,111,52
103,100,84,73
121,50,94,95
107,97,65,91
24,104,9,43
100,78,49,61
88,114,42,80
118,64,29,41
22,15,109,34
50,37,72,129
101,73,71,79
89,46,121,32
98,107,92,99
34,108,75,71
49,109,89,77
74,103,72,75
110,86,98,66
92,83,102,83
103,99,50,72
26,86,110,66
66,90,108,60
63,71,26,128
64,71,99,126
83,30,58,117
8,45,108,55
65,96,98,101
125,103,36,96
44,99,112,69
49,111,68,96
72,80,49,123
76,109,124,87
88,110,123,75
72,60,105,15
56,31,107,58
74,64,107,43
34,118,87,85
36,83,109,60
70,89,24,105
69,84,111,60
70,110,76,104
104,68,48,68
75,86,103,96
37,76,91,120
55,89,104,112
94,41,109,80
66,79,109,70
98,98,110,90
49,110,61,68
89,108,103,60
105,16,29,30
78,102,69,75
108,57,14,73
80,112,81,87
86,65,109,100
91,106,47,80
58,104,44,82
58,105,58,67
60,54,68,106
83,71,34,100
106,85,75,58
5,92,38,117
68,79,126,87
101,54,66,103
64,100,75,49
105,66,57,24
111,61,81,107
100,67,79,78
116,85,83,40
107,52,45,84
32,81,124,87
66,96,115,119
92,93,91,120
102,42,52,92
105,65,89,29
57,75,79,113
58,100,30,28
71,104,83,66
42,45,27,102
114,54,86,70
102,80,83,95
116,135,81,28
21,50,103,78
103,70,95,56
31,65,84,108
102,50,107,65
103,87,78,92
102,27,14,37
68,50,59,111
57,50,76,105
64,78,42,104
108,93,86,109
88,113,66,93
87,100,104,33
95,114,61,90
120,65,29,74
30,105,24,21
112,80,81,51
96,71,53,104
66,123,97,110
100,77,72,39
89,85,44,106
60,82,81,101
87,54,77,106
105,92,62,65
109,80,68,67
87,89,124,96
118,74,74,130
69,104,34,45
83,26,100,43
63,62,104,59
74,65,106,43
37,52,103,60
112,84,96,68
66,82,110,66
52,32,23,109
102,58,88,40
103,78,85,58
100,64,87,73
59,101,69,59
76,72,103,73
114,91,81,74
101,62,55,34
88,97,121,54
103,80,86,55
79,67,115,63
107,1,75,69
107,23,48,74
68,53,102,101
86,80,92,102
105,101,39,43
62,74,8,108
81,60,40,107
97,59,58,110
104,0,63,49
72,80,107,101
103,17,53,43
103,86,109,98
98,81,64,117
95,29,96,104
36,79,102,71
77,102,67,114
93,100,91,40
66,79,102,41
98,104,67,55
60,37,102,53
114,90,78,78
23,36,44,113
51,109,34,58
13,101,67,35
75,49,88,112
111,47,46,48
37,102,103,82
37,37,100,114
24,59,54,115
45,29,102,76
99,109,25,91
29,67,43,113
105,52,92,39
82,72,56,114
75,46,104,27
66,67,90,101
121,87,105,47
40,99,48,101
116,71,93,80
44,28,105,75
77,102,51,58
90,79,78,113
31,15,111,59
47,102,62,41
10,96,105,5
50,54,82,102
90,27,91,116
48,73,107,60
116,82,51,75
64,105,99,56
100,85,94,117
110,73,85,92
89,97,100,74
11,87,122,68
100,103,86,35
52,96,101,75
26,100,70,56
111,101,87,61
122,62,75,65
87,101,23,77
80,72,105,31
10,74,103,65
102,72,66,84
61,101,83,79
61,103,31,93
23,58,100,71
101,78,59,86
108,46,59,75
66,121,44,93
100,62,78,84
99,74,97,126
101,64,85,38
106,88,80,122
52,47,106,119
34,91,85,114
41,102,85,96
110,44,38,96
68,99,101,56
56,101,52,79
113,19,60,24
23,57,72,100
100,24,39,89
108,31,81,68
115,27,58,16
104,29,100,19
94,100,99,103
67,90,61,106
89,103,65,103
100,86,46,92
56,102,42,16
80,111,76,93
40,63,48,101
61,103,27,61
29,40,43,104
34,19,102,25
62,60,19,111
100,83,75,66
64,95,98,103
92,119,65,48
37,12,67,100
39,35,111,31
55,61,62,110
77,79,83,121
81,105,72,102
100,41,102,45
119,62,90,89
102,102,90,102
58,99,67,100
75,120,52,77
106,86,60,36
60,100,84,44
110,65,69,80
86,75,50,113
57,41,107,83
110,76,97,77
88,94,121,93
102,94,84,80
30,20,24,106
32,98,51,107
36,36,125,55
4,15,49,112
98,103,89,106
77,84,32,131
102,39,40,71
82,73,114,55
96,88,93,119
113,59,71,45
19,111,70,52
102,56,53,77
111,82,102,29
75,102,81,66
76,58,114,112
78,95,80,107
41,104,57,50
72,55,101,96
99,67,100,94
78,81,97,104
52,50,101,49
63,101,85,75
110,60,88,66
62,101,18,35
113,97,86,64
70,119,87,48
61,89,97,113
99,101,64,60
48,107,56,77
97,120,88,91
26,43,72,111
84,63,103,38
112,80,50,46
36,104,95,89
77,100,111,72
14,103,57,42
68,68,52,100
103,60,49,40
65,106,85,68
43,102,23,48
116,38,82,52
45,99,57,123
55,96,118,55
35,100,74,79
61,115,81,67
123,44,54,103
101,108,43,72
50,18,43,105
70,54,82,118
54,41,92,101
62,87,101,38
100,86,117,57
89,111,53,107
113,68,85,58
85,72,78,125
52,50,104,82
101,88,90,81
45,95,111,73
25,28,103,24
63,81,33,111
83,96,70,111
104,75,48,97
62,69,84,109
80,33,109,66
97,75,69,119
41,51,44,116
61,74,43,110
89,110,61,28
41,45,103,27
72,40,76,100
47,102,65,74
68,101,94,61
87,49,111,41
111,66,60,51
100,51,25,40
103,96,94,67
31,89,29,103
93,57,113,61
105,112,57,86
48,122,41,77
92,86,119,99
28,59,102,27
124,49,62,89
103,62,34,17
118,37,48,13
53,102,36,61
69,100,106,85
102,99,65,58
53,87,112,72
72,101,30,85
72,24,20,100
50,58,113,67
96,60,62,106
54,124,77,69
79,102,79,64
78,63,110,109
95,87,74,104
55,59,74,100
89,113,72,50
50,56,119,63
103,74,88,23
104,70,76,74
13,21,26,120
101,36,95,92
111,83,75,91
24,44,46,102
111,31,56,54
32,54,88,114
66,76,107,111
94,110,109,83
97,112,77,74
105,66,50,67
126,45,30,51
51,58,102,77
68,59,73,124
102,46,56,84
86,106,92,76
109,61,62,92
57,106,44,117
46,70,108,28
103,82,58,45
101,108,71,44
86,49,111,42
33,28,87,104
108,94,60,98
88,67,110,59
73,80,68,103
102,57,111,54
57,68,107,56
34,76,69,109
64,89,100,35
83,110,55,76
86,97,100,41
42,24,12,102
40,105,9,26
113,58,98,91
78,101,120,97
59,93,100,72
62,97,89,112
76,99,102,47
108,100,71,45
126,55,52,55
90,100,67,67
111,86,37,90
33,37,108,38
88,50,44,106
72,47,67,102
100,47,76,65
75,123,63,63
88,94,75,103
77,100,58,89
84,41,82,117
68,105,66,121
101,97,68,58
55,109,104,56
56,100,47,49
96,124,77,63
81,104,91,84
113,92,82,109
79,48,100,97
101,34,44,73
70,94,22,102
79,71,27,111
74,18,122,74
106,43,92,83
102,89,100,105
106,77,48,93
84,110,82,84
76,100,58,90
101,110,70,79
102,75,49,26
48,115,60,65
101,56,57,110
103,39,110,72
119,46,57,30
102,96,52,74
94,86,97,119
32,64,107,49
82,37,122,47
69,102,94,95
85,80,88,107
113,64,39,72
49,59,105,75
76,65,67,116
82,37,101,68
73,58,105,52
62,102,87,73
100,69,56,63
21,87,70,110
37,87,110,18
29,44,79,100
114,81,82,47
102,83,93,82
64,15,101,36
103,61,100,96
96,34,112,46
57,104,100,63
63,93,119,85
57,45,103,47
20,88,29,115
65,107,65,51
113,58,36,45
57,124,93,86
99,100,108,53
18,101,57,40
105,113,81,61
64,101,32,55
37,85,101,101
66,78,79,101
105,52,80,87
40,73,101,38
38,104,54,56
31,79,36,106
43,105,57,47
103,44,24,81
87,108,51,78
97,67,100,96
88,44,55,101
107,82,47,88
103,70,48,31
129,25,10,16
42,51,84,111
23,77,109,79
63,96,101,64
48,68,33,103
82,115,72,55
105,78,102,39
102,110,88,96
70,59,50,109
59,96,101,104
104,52,66,66
31,102,68,87
85,92,112,35
57,51,107,37
111,11,111,19
114,103,55,88
112,33,27,80
52,101,66,105
106,101,101,88
107,0,14,23
103,85,90,46
123,28,84,89
92,111,101,56
40,76,107,65
84,74,58,108
109,30,20,21
100,97,103,96
101,87,63,73
82,104,61,77
46,105,95,78
109,61,45,109
108,89,68,95
46,101,99,78
106,23,73,50
101,77,93,89
37,21,114,80
83,79,100,62
87,65,71,101
78,42,115,89
125,54,43,66
96,109,74,45
75,57,117,75
119,94,73,74
9,80,115,48
78,81,99,102
41,107,75,29
48,84,78,114
121,5,44,82
88,90,112,106
37,13,29,101
50,110,27,101
73,91,104,92
82,54,83,105
114,43,62,105
75,110,26,41
106,56,93,69
101,95,44,120
104,111,71,74
110,52,60,66
31,62,123,72
106,58,51,73
69,107,19,21
99,48,101,40
42,34,113,27
89,98,117,92
101,71,39,77
33,33,104,10
64,27,49,112
50,61,69,108
53,40,41,118
98,112,62,88
98,80,104,42
38,103,92,55
43,87,55,103
82,96,101,81
73,30,81,104
93,74,89,104
52,65,69,102
58,68,111,51
95,93,116,56
59,101,14,42
57,113,80,74
85,84,107,84
100,71,76,41
104,51,98,35
90,81,112,77
101,78,94,15
50,82,103,53
44,65,65,114
94,116,88,62
105,71,71,77
39,72,104,73
75,68,101,80
106,43,47,56
59,113,84,68
113,94,48,69
106,97,52,105
87,105,79,17
104,74,72,38
64,92,54,114
35,22,21,102
107,68,75,38
55,119,36,78
32,27,17,104
13,121,29,17
90,69,92,109
106,98,53,103
109,84,70,97
72,50,99,103
44,69,71,104
113,63,48,64
82,77,63,102
57,72,73,122
71,39,74,104
100,106,32,50
81,67,55,121
53,40,53,106
35,86,52,115
32,65,103,16
115,48,34,91
73,91,53,107
46,61,110,71
112,64,39,73
76,50,60,102
105,53,84,46
110,49,51,78
82,65,60,117
93,79,82,106
59,111,77,77
69,88,48,119
63,81,102,78
34,72,101,45
76,72,76,100
101,37,30,12
21,72,100,23
105,57,69,57
88,71,86,115
52,58,76,102
7,72,31,106
105,82,70,67
116,34,116,58
84,70,100,106
103,62,76,47
40,13,105,22
37,31,110,38
77,117,83,83
114,47,58,69
51,103,53,45
67,110,53,22
72,101,98,89
20,101,75,92
61,57,56,114
61,74,106,83
116,36,80,56
23,12,33,112
65,108,65,14
56,75,100,57
45,27,111,69
51,48,101,88
91,80,119,70
81,108,97,74
47,85,92,100
113,62,81,104
20,55,31,110
101,94,72,93
32,53,103,64
111,50,55,36
72,41,38,101
56,97,109,62
45,90,112,41
41,54,48,109
23,104,27,26
76,99,83,102
101,13,60,42
74,115,49,14
26,109,37,80
65,100,56,103
71,53,110,90
23,63,25,105
84,56,103,81
104,70,75,75
104,41,68,39
35,60,111,46
112,55,37,84
74,86,100,64
67,101,77,79
109,83,78,54
29,47,40,100
111,19,100,94
90,104,59,71
49,61,77,101
69,12,102,69
83,69,104,104
109,71,42,66
66,114,57,87
106,38,72,36
64,102,86,108
81,79,106,58
70,102,49,67
87,81,100,92
60,61,100,67
21,21,107,67
72,98,101,89
31,111,82,100
89,112,96,135
102,66,37,83
105,35,105,43
41,66,119,62
75,109,97,43
49,35,43,125
44,84,52,108
112,95,82,71
93,48,107,76
83,88,85,104
54,65,112,93
108,63,65,52
30,73,96,125
47,113,101,63
105,54,30,99
50,111,88,111
63,104,89,32
48,70,70,100
111,35,81,25
103,47,57,45
37,37,75,103
23,90,119,56
60,87,74,103
63,101,97,99
115,99,97,49
107,26,89,30
36,74,78,100
53,74,97,100
105,45,49,17
95,110,91,28
93,102,75,90
109,54,76,85
24,65,56,107
73,106,80,101
67,66,107,48
106,72,30,80
73,74,36,105
57,57,60,114
84,81,102,21
130,98,49,47
100,38,45,33
113,89,97,97
70,72,102,116
100,74,86,100
102,67,84,71
45,50,70,123
107,68,72,77
55,66,42,125
46,74,67,101
72,84,65,103
71,55,87,111
40,22,103,15
83,78,56,107
87,101,47,89
90,110,83,77
35,38,103,76
36,17,105,22
85,103,91,81
97,53,111,63
14,105,52,45
107,36,28,45
82,111,64,103
73,55,121,75
82,124,39,79
124,76,91,69
59,107,92,102
37,39,65,111
94,107,63,96
38,80,99,107
71,102,58,21
94,100,109,93
50,65,97,112
88,86,109,77
77,86,107,90
73,81,115,55
66,57,91,110
60,72,108,84
74,65,100,49
58,88,101,41
79,111,34,64
119,38,43,16
41,27,72,112
43,26,101,82
38,68,4,106
82,92,74,112
28,45,77,102
28,104,69,87
68,112,97,83
52,52,102,82
110,74,65,75
74,102,83,65
99,104,59,98
69,98,80,113
69,97,44,114
81,93,78,108
57,55,118,58
84,47,93,100
99,106,85,70
71,65,81,107
117,50,88,33
36,87,116,49
19,108,42,47
51,89,102,82
93,47,39,109
111,82,55,112
35,67,78,108
100,97,81,46
104,52,88,80
63,83,101,41
80,60,46,102
90,107,71,56
100,77,70,77
68,106,87,63
73,77,105,69
112,88,50,74
71,78,34,105
95,62,76,127
70,91,107,92
34,107,56,91
108,97,60,95
37,54,56,105
110,64,49,65
107,98,36,119
108,57,65,58
62,95,31,100
110,12,83,83
95,86,70,109
44,31,76,101
83,62,43,100
42,92,101,89
57,46,105,80
91,74,105,90
83,114,67,24
32,2,99,119
67,69,48,104
82,100,92,86
60,97,119,48
32,101,32,87
52,105,48,47
42,40,34,100
100,78,77,33
38,25,105,84
56,115,86,103
42,52,92,102
73,131,129,99
100,81,87,92
67,83,28,110
35,53,121,43
96,87,54,123
70,60,105,53
119,60,68,77
91,109,44,8
107,78,84,55
113,62,97,88
82,61,105,40
33,57,127,71
105,19,99,101
109,17,25,29
45,32,22,117
33,95,93,103
54,106,76,88
102,86,77,95
49,71,106,62
107,57,72,88
73,67,101,83
73,30,113,72
31,44,33,108
86,124,78,72
69,90,65,100
65,107,42,74
87,114,96,99
74,48,105,61
92,92,73,103
103,65,44,76
101,42,76,33
58,103,99,64
116,82,25,101
94,95,93,114
66,89,61,108
103,34,52,27
90,76,109,49
64,73,87,100
77,105,115,63
65,101,103,91
125,118,114,75
118,82,61,99
82,57,130,55
95,71,103,91
107,79,46,56
84,113,45,46
34,24,79,115
64,102,94,64
0,59,91,102
59,61,107,25
115,79,40,18
40,100,41,71
74,76,33,105
31,56,113,88
68,114,27,43
118,64,87,55
78,35,61,114
31,30,69,122
76,82,62,104
100,24,53,75
113,47,99,65
55,104,60,69
53,73,110,52
58,49,41,104
65,67,77,115
131,36,51,34
72,100,91,97
102,68,112,42
44,95,82,103
105,26,48,37
66,89,120,49
16,89,6,105
103,54,78,89
113,61,103,47
103,46,73,66
63,110,83,104
75,56,44,113
112,79,59,38
34,57,125,36
47,33,62,110
104,78,50,56
36,53,115,48
69,43,32,108
55,68,106,95
108,97,99,56
92,23,60,113
57,114,46,71
100,96,69,95
91,100,78,91
85,101,76,62
102,67,54,65
103,81,49,55
71,76,93,120
65,123,72,64
68,102,89,101
103,32,39,78
75,72,119,58
115,35,84,54
90,90,80,100
117,87,115,77
35,32,45,104
122,88,54,60
64,121,21,82
79,101,104,76
90,114,24,96
91,56,114,27
78,61,40,109
58,119,51,96
95,88,108,69
72,71,66,115
88,93,65,114
65,56,110,57
109,33,81,29
70,39,119,96
105,62,37,48
111,131,94,60
77,91,88,104
67,108,95,90
33,125,78,52
103,45,36,32
53,72,113,50
95,74,112,79
101,68,98,93
63,109,90,26
55,113,67,53
99,108,80,73
67,56,62,103
44,101,96,47
70,71,58,125
43,9,52,112
85,47,78,114
96,89,118,57
73,115,73,99
43,47,102,60
25,37,74,116
109,61,95,59
20,101,75,92
106,65,67,50
42,88,104,54
82,98,106,38
70,106,68,44
60,107,74,119
79,103,88,18
92,114,103,87
112,87,68,93
49,102,68,33
100,56,27,69
97,103,110,86
117,44,67,60
105,63,66,90
106,37,106,111
88,104,89,79
104,79,74,67
102,73,95,90
0,97,103,52
82,114,113,87
96,106,80,42
74,75,95,116
86,107,116,51
39,47,104,26
112,42,52,46
94,58,55,117
100,45,25,82
78,112,29,69
27,38,105,10
108,50,92,110
66,104,63,19
71,58,104,91
12,6,18,108
76,66,76,106
92,128,69,71
82,72,65,105
107,78,76,63
69,121,97,73
56,77,116,111
101,84,78,25
108,72,34,74
42,108,10,20
49,100,82,57
90,37,109,52
32,40,43,101
8,106,54,48
35,110,33,74
100,46,57,49
51,106,87,80
98,92,100,70
53,38,113,12
53,111,67,57
79,104,67,110
102,48,36,30
29,87,95,113
104,72,68,44
81,106,22,43
111,51,55,35
75,100,73,76
38,102,64,48
100,85,96,79
91,68,114,87
40,54,101,93
45,45,106,56
68,86,109,25
32,39,38,107
70,108,53,93
95,84,106,39
26,30,60,100
27,101,40,84
106,58,58,102
45,110,57,40
115,58,79,108
48,126,65,13
99,74,84,103
45,71,103,69
75,68,72,109
79,95,106,44
86,61,119,94
114,54,16,104
21,56,94,117
58,58,93,115
103,112,82,99
44,91,100,53
99,63,110,88
19,30,109,58
13,46,100,21
64,92,102,102
69,95,100,96
103,89,96,72
71,42,106,33
62,61,53,112
63,78,100,83
91,101,96,72
69,105,84,102
112,66,81,29
6,99,103,80
75,59,89,101
53,118,94,95
71,81,111,97
103,59,25,65
111,65,58,90
100,57,71,60
75,91,85,109
106,75,95,48
38,106,51,93
102,39,63,48
60,93,117,54
104,93,88,75
100,74,20,94
76,94,112,78
75,90,101,94
86,90,110,74
102,55,53,78
109,85,94,72
73,86,109,56
100,74,79,107
121,47,50,34
76,126,36,50
102,59,70,57
56,102,111,19
45,37,65,105
84,38,105,97
20,95,100,73
103,76,72,73
75,34,102,41
100,91,94,75
72,73,70,109
66,48,101,37
59,63,29,101
70,71,83,100
64,92,63,105
87,68,102,67
115,68,34,71
67,123,83,87
47,63,100,78
73,105,70,76
43,68,104,73
42,99,100,83
31,108,33,80
57,103,90,74
28,39,13,100
33,57,121,77
88,57,79,100
77,46,64,101
4,17,50,109
107,98,62,57
46,104,29,73
44,58,112,38
110,72,57,85
27,108,27,18
61,106,101,92
52,114,62,24
83,76,61,104
68,90,41,125
95,73,100,92
75,21,111,81
61,124,58,45
111,50,43,48
108,63,81,108
102,73,100,49
94,104,46,80
111,93,89,31
101,75,68,80
93,58,100,109
101,71,39,113
55,93,110,66
89,48,100,87
61,62,96,105
100,29,73,86
84,104,99,73
70,105,72,41
50,28,95,115
75,102,70,77
70,102,48,104
109,56,94,101
92,59,64,109
59,72,103,54
104,97,90,69
61,53,112,62
38,38,18,122
103,75,69,41
48,35,66,103
77,39,92,116
130,43,75,40
76,102,74,72
90,112,69,53
110,91,44,43
101,95,97,103
69,78,76,101
57,29,25,105
52,109,87,112
103,79,68,74
101,52,65,34
107,56,63,98
73,71,102,78
48,62,101,41
69,62,85,108
69,100,47,72
55,73,104,56
104,84,74,98
57,34,43,118
103,84,94,79
51,34,108,23
72,72,75,105
60,103,53,36
68,87,108,97
39,42,26,109
38,109,85,56
86,113,23,66
35,57,59,101
68,107,42,35
98,86,70,106
102,87,66,105
93,110,19,66
119,13,47,37
69,57,22,104
72,85,60,107
95,116,77,72
55,38,113,82
37,35,34,110
101,95,69,59
58,111,25,58
69,91,57,107
84,59,65,116
90,63,71,100
60,108,103,89
71,76,121,56
108,74,78,100
105,84,81,54
61,115,23,89
99,107,60,58
100,67,76,81
114,26,32,80
44,84,111,85
115,51,100,94
68,120,52,48
106,91,100,63
91,49,102,46
104,105,94,57
93,112,98,93
66,90,30,102
39,62,38,113
55,75,48,110
65,70,114,39
68,102,81,73
38,80,110,60
54,101,78,91
68,66,101,53
60,64,62,102
100,43,15,58
56,74,83,111
116,37,29,34
49,110,52,77
101,71,54,26
23,16,111,102
65,65,101,93
84,19,49,100
106,83,103,68
52,104,106,62
41,47,100,28
126,48,90,96
51,84,86,103
108,73,68,39
108,75,83,94
71,95,100,58
72,66,104,82
101,89,80,90
34,89,118,47
89,105,87,79
106,97,43,78
36,69,108,75
59,46,100,83
42,103,36,35
41,64,31,116
45,103,72,68
38,120,119,119
101,22,68,61
93,74,113,80
109,37,35,107
59,124,102,111
37,85,58,108
105,34,93,56
75,30,100,47
39,26,77,110
116,82,38,88
87,92,105,76
107,82,75,60
99,116,39,70
73,83,102,30
77,108,43,60
91,50,127,56
11,49,54,102
92,71,109,88
80,58,100,50
48,64,71,105
72,114,50,52
107,76,27,42
106,34,110,38
63,82,106,73
87,92,45,100
64,114,79,67
22,56,36,102
68,110,98,48
65,113,54,56
42,66,110,70
40,94,51,103
93,105,100,62
125,78,97,96
55,102,25,34
58,39,43,112
71,51,45,121
19,103,23,35
80,96,42,106
82,50,115,77
88,102,91,79
69,49,117,53
38,106,71,73
77,30,101,80
71,88,102,63
63,99,97,101
42,82,117,83
106,90,95,105
100,44,83,61
102,53,77,56
88,91,107,74
101,59,91,73
76,103,57,88
87,67,62,108
48,95,112,69
84,102,67,71
36,110,95,83
71,82,69,102
57,70,118,79
106,79,71,68
66,69,74,115
102,59,82,81
68,100,66,90
105,26,56,29
33,10,68,105
53,51,71,113
77,103,44,100
20,71,127,34
59,85,76,104
98,96,110,92
100,31,66,91
60,48,27,117
76,111,53,84
55,109,42,46
53,22,47,130
89,108,74,89
92,110,89,69
104,76,60,84
64,58,109,57
62,81,38,107
28,49,63,112
72,48,100,68
63,39,103,83
102,99,87,72
37,101,24,18
47,115,97,29
103,58,62,29
64,111,97,88
76,86,95,103
60,27,57,108
69,47,113,95
98,92,119,51
107,53,72,56
38,79,65,106
90,80,48,106
78,59,13,102
54,51,113,70
89,127,59,85
86,98,114,62
105,99,81,75
34,60,109,49
80,120,90,34
17,103,8,16
100,117,60,83
86,44,22,100
111,79,96,74
98,77,106,79
12,74,98,104
112,89,93,30
110,49,59,34
100,89,36,63
97,79,48,100
54,115,96,95
103,42,101,78
113,36,60,79
44,53,40,115
79,100,100,81
95,97,102,102
92,95,107,102
84,61,121,58
98,100,70,56
71,115,44,58
93,85,101,81
107,44,70,67
40,106,41,65
84,100,29,75
77,87,89,107
89,64,109,62
94,68,81,117
35,84,64,105
73,75,35,105
96,80,80,104
49,66,85,124
62,75,84,103
106,97,108,85
96,43,101,84
50,69,67,102
101,92,109,94
91,50,38,109
87,34,67,100
22,104,55,35
103,83,31,71
85,111,72,56
114,26,81,31
107,40,62,43
85,26,104,73
101,76,94,17
79,63,113,105
109,92,103,56
75,107,89,17
89,112,58,65
103,112,72,73
87,103,69,65
89,64,102,105
48,100,30,74
82,130,23,89
120,87,70,83
52,81,102,53
81,101,65,77
62,101,58,31
26,52,104,106
71,34,74,109
100,63,76,85
115,71,51,51
97,123,60,44
31,34,103,48
75,100,74,75
72,63,99,126
88,73,108,91
60,74,70,120
83,82,54,105
82,50,40,116
76,99,101,120
107,74,62,81
105,56,66,61
85,105,47,15
84,45,91,104
9,81,107,55
92,113,91,28
94,64,100,66
24,102,38,88
58,73,89,104
108,87,59,70
104,47,29,72
77,48,100,27
41,57,112,78
101,93,63,103
44,47,105,92
90,102,64,32
103,31,40,78
104,46,42,60
77,59,107,45
109,45,48,86
108,20,69,19
121,53,100,50
62,95,96,107
36,49,28,103
80,59,104,45
100,59,80,85
96,83,54,127
62,100,54,72
101,50,93,44
19,116,53,64
80,93,31,120
30,5,106,39
68,75,52,129
46,90,119,69
94,70,95,101
78,100,90,92
38,110,107,33
52,68,112,92
52,83,79,110
24,54,104,34
61,103,52,72
94,103,63,100
69,37,80,102
65,97,105,57
100,83,90,87
74,65,114,71
70,114,1,67
25,99,62,102
68,64,56,100
56,98,87,119
101,82,98,43
106,63,67,88
89,39,115,81
116,54,66,88
99,97,108,56
109,58,61,96
79,99,110,108
27,16,72,101
111,99,91,95
63,55,105,101
82,66,93,119
50,59,65,114
59,106,85,74
116,100,62,82
47,70,100,107
84,51,102,87
64,66,58,100
43,102,79,64
66,24,101,97
91,103,63,67
96,101,60,67
107,70,71,40
110,47,21,38
27,24,111,54
30,98,120,76
45,117,71,55
104,59,55,70
53,100,44,55
105,34,43,70
61,108,94,61
73,59,101,91
86,121,57,60
79,107,97,77
107,54,49,42
62,103,89,106
101,84,52,87
74,103,24,51
67,113,101,79
117,87,40,44
52,103,57,112
86,107,103,64
88,104,62,70
99,102,93,30
78,60,104,46
110,56,41,45
111,41,70,66
32,119,83,18
72,101,62,53
67,62,116,43
77,73,68,106
47,86,44,111
61,61,99,103
55,69,104,60
66,88,107,99
99,93,104,64
45,21,101,85
68,55,85,116
101,110,92,93
115,92,41,76
59,60,107,98
47,71,104,30
101,62,99,62
88,82,39,115
103,102,65,54
114,37,78,23
73,39,102,74
98,87,115,60
106,66,77,39
101,8,61,46
107,70,59,88
116,74,36,62
121,62,68,73
77,100,93,90
86,98,29,111
68,105,41,110
100,48,96,80
59,73,81,111
27,65,84,112
109,81,22,40
90,53,81,100
77,27,101,47
48,104,84,88
62,83,103,112
78,39,103,32
31,37,101,83
75,97,102,14
102,40,84,98
86,131,86,93
65,113,80,30
79,100,72,109
74,74,100,76
65,90,101,68
32,96,100,60
107,80,80,93
64,47,122,91
109,86,97,68
40,103,71,110
115,74,77,94
104,41,42,65
84,95,92,125
90,108,85,77
47,49,102,90
42,96,100,86
86,111,97,102
62,87,124,51
41,22,89,100
68,74,67,115
101,75,43,105
38,107,63,8
35,108,52,57
90,100,78,56
61,88,109,102
100,39,88,25
83,118,34,53
16,48,38,114
109,62,71,46
51,104,85,48
42,63,105,78
31,13,101,35
102,15,53,46
108,61,34,49
115,89,54,66
90,104,35,59
90,94,116,60
107,65,39,77
82,103,96,79
85,130,57,88
63,42,120,99
56,115,62,91
77,92,115,76
103,86,50,49
106,70,87,25
62,48,33,109
87,37,80,120
83,78,94,105
110,86,35,57
83,55,82,104
91,78,42,113
104,44,73,103
71,106,59,52
45,85,116,78
88,102,27,107
74,101,55,94
110,48,64,66
92,54,120,58
94,100,84,46
107,18,41,86
69,56,101,98
72,60,112,44
69,53,92,110
72,55,18,107
49,54,105,80
14,88,10,104
81,100,64,115
29,97,58,104
97,82,78,103
47,77,103,25
59,81,34,114
48,47,105,16
50,15,79,108
68,86,106,28
106,55,54,109
61,106,52,33
109,61,88,66
128,90,79,99
88,104,98,34
100,85,46,57
60,96,95,109
85,105,66,68
120,75,127,110
103,44,73,32
38,101,93,56
72,38,116,26
106,98,76,80
71,103,77,73
55,48,69,116
61,60,103,64
113,93,55,27
79,70,109,102
102,88,96,74
61,71,100,56
119,102,65,74
96,61,65,102
104,79,52,53
99,103,64,94
119,17,47,33
48,71,108,61
104,98,80,42
70,108,58,88
56,44,52,100
75,101,61,51
7,52,42,115
43,34,37,102
79,79,92,110
89,73,98,100
82,93,101,84
104,51,64,105
49,64,110,101
97,104,47,40
58,118,102,46
70,80,103,107
22,42,39,113
43,117,95,69
64,103,61,96
87,90,83,100
119,49,71,49
48,110,33,61
33,21,118,44
96,61,31,100
103,54,77,18
119,56,73,76
78,49,72,125
57,77,101,89
64,93,102,101
42,107,30,73
88,41,56,103
72,95,111,82
90,23,28,111
16,107,86,79
88,35,103,98
60,108,91,65
77,100,60,87
95,93,34,102
63,113,81,103
79,64,68,113
64,41,108,75
75,32,107,38
63,104,16,69
77,103,64,44
84,5,57,106
66,90,50,118
67,72,71,114
58,105,26,27
21,42,88,101
40,52,55,105
92,74,92,102
88,42,94,100
67,96,81,116
106,63,68,15
64,123,51,14
46,106,48,52
96,78,82,104
84,56,82,102
46,49,114,43
42,100,32,78
87,88,110,75
105,48,45,18
79,75,102,68
66,110,92,92
57,30,108,93
107,59,36,50
48,38,102,28
112,54,48,74
106,53,83,82
85,131,96,12
101,47,82,94
77,72,73,102
80,86,50,108
106,72,98,48
73,109,51,55
121,58,70,75
64,108,90,98
82,77,104,61
23,54,34,105
56,101,49,82
20,88,38,106
19,56,76,101
96,80,69,115
49,15,108,80
53,87,37,111
64,26,79,119
73,74,121,56
80,74,101,69
47,104,54,119
43,68,105,36
73,106,62,47
106,104,59,55
67,30,107,48
106,76,116,98
33,88,100,31
52,60,105,71
104,83,68,69
94,102,96,68
58,117,53,60
81,49,102,92
59,103,39,51
50,101,68,69
100,49,49,54
117,74,87,46
81,100,51,92
34,61,54,103
87,100,88,49
73,67,103,81
103,54,36,95
100,64,56,68
111,104,70,75
110,94,92,100
83,122,72,83
70,57,108,53
75,120,13,80
102,82,85,91
87,115,86,72
55,18,78,101
75,118,81,50
72,113,68,71
52,49,115,72
16,128,94,50
85,94,39,106
121,83,78,78
109,44,85,50
102,84,82,92
101,46,33,72
57,46,101,48
32,35,102,47
80,72,110,98
93,52,75,104
63,93,87,117
103,33,16,28
80,46,106,56
44,27,114,31
105,75,36,36
129,64,76,55
75,117,13,83
67,104,49,32
117,54,55,62
120,85,56,63
109,80,34,101
94,115,66,49
50,82,55,101
66,105,39,42
26,37,110,79
87,107,79,123
103,71,107,79
94,32,125,73
60,67,111,50
92,77,100,91
109,72,88,91
105,31,15,29
41,109,48,54
38,71,105,38
36,104,39,37
102,75,17,94
56,36,101,23
57,64,103,64
53,6,39,118
52,112,102,58
64,89,68,103
37,83,116,88
92,99,95,110
74,105,38,35
46,101,39,66
101,80,21,86
43,102,42,65
14,103,37,26
78,83,100,99
75,60,38,115
35,48,66,103
55,74,92,103
8,24,111,37
60,66,101,97
51,36,104,25
71,45,120,52
115,93,79,73
78,54,48,108
105,67,99,53
64,112,82,66
50,52,47,103
67,103,53,29
98,61,62,103
59,104,74,51
46,45,104,57
98,105,50,71
76,132,78,74
43,108,104,69
63,117,84,60
54,115,9,74
97,97,100,66
102,41,49,96
52,93,101,42
76,111,94,79
92,108,33,91
95,80,102,83
74,34,42,102
94,114,77,39
114,30,72,72
78,114,67,65
117,90,24,57
54,120,63,87
95,100,92,73
44,105,61,6
114,64,76,34
44,26,104,78
38,119,7,52
66,95,94,105
43,58,108,43
31,43,28,114
36,99,100,53
45,104,101,74
109,95,37,47
29,98,71,126
29,102,76,81
97,37,86,104
15,30,106,29
54,95,70,105
78,104,70,108
90,104,44,50
113,54,33,52
63,110,33,118
101,74,85,64
40,111,87,50
105,64,72,83
62,105,52,69
88,36,25,103
103,14,93,78
105,69,56,58
73,51,83,117
96,100,76,88
83,73,113,55
72,108,87,93
28,57,122,45
39,111,59,43
41,76,100,35
83,106,77,94
73,68,71,112
105,83,112,96
91,77,118,74
106,7,62,41
91,69,45,119
32,37,68,115
94,50,62,118
31,100,53,68
109,73,54,88
107,62,84,35
35,37,102,42
102,47,68,107
62,101,92,105
84,101,87,52
5,102,62,47
74,107,80,63
107,36,46,27
102,67,58,97
97,93,85,121
108,63,57,96
97,70,57,100
27,64,94,103
51,105,62,70
86,43,54,105
47,46,103,20
110,74,88,52
74,85,104,97
76,47,124,41
111,112,53,84
105,25,66,92
101,56,76,91
100,89,90,81
57,113,23,59
62,58,112,56
116,128,35,45
46,105,76,61
63,77,92,128
63,50,14,125
67,102,68,87
88,76,95,101
22,70,101,95
97,102,100,97
80,107,74,63
81,112,36,23
68,29,49,106
100,102,87,35
93,109,96,62
50,61,67,110
105,53,80,50
100,56,112,92
34,53,103,98
44,77,97,106
35,119,86,84
40,74,100,74
49,78,61,100
103,54,70,97
111,27,35,43
61,101,73,89
103,50,88,83
26,107,75,44
104,49,70,65
116,87,79,42
64,102,83,75
114,87,98,61
28,111,120,101
79,89,116,76
85,118,66,55
105,99,69,51
13,23,22,122
90,81,107,46
101,58,80,85
103,38,26,49
109,86,96,69
75,54,103,56
92,87,120,97
67,57,114,86
58,104,61,101
80,97,107,40
116,70,49,53
96,103,56,105
101,41,99,83
21,89,100,42
61,79,41,107
96,102,123,75
101,91,74,94
79,135,41,105
52,56,78,102
109,67,84,64
63,107,67,87
90,70,101,63
55,82,39,112
102,29,99,94
87,115,95,63
106,45,54,47
71,100,93,60
81,95,108,40
64,74,115,35
64,85,64,111
43,109,57,43
97,105,92,102
32,11,70,103
22,63,105,62
50,46,18,102
63,127,49,85
97,101,65,97
80,93,51,100
110,51,33,58
25,45,58,124
105,88,65,66
105,40,57,86
80,80,104,96
74,112,13,53
65,113,54,56
113,64,38,73
90,81,81,108
89,102,95,74
105,89,109,93
59,79,112,38
115,70,59,44
63,105,57,27
94,77,104,49
109,70,51,58
118,47,29,58
79,54,104,51
95,74,100,91
102,28,47,75
60,108,91,65
62,71,15,104
106,44,129,117
78,100,49,61
57,70,90,107
79,96,102,83
88,74,61,101
69,107,93,91
41,107,81,59
101,61,95,67
31,36,79,106
68,60,92,104
103,66,54,65
49,108,101,66
63,120,50,55
58,117,86,63
36,42,113,61
107,79,51,51
71,64,49,104
102,30,52,32
75,90,88,107
98,112,53,97
85,102,72,101
94,34,80,116
11,100,40,29
54,67,112,55
94,29,101,28
62,91,55,116
114,93,94,95
104,45,42,61
46,54,79,109
81,106,23,6
78,92,85,105
100,99,94,67
29,103,47,73
101,29,59,63
76,22,50,104
53,25,110,64
117,43,102,98
105,55,81,83
107,15,78,52
78,92,112,42
63,73,74,114
22,63,101,30
104,120,49,87
102,73,83,102
68,77,107,72
124,64,45,91
60,40,47,105
102,57,46,47
42,111,84,87
123,89,65,83
85,73,101,101
82,82,107,89
58,95,106,101
104,79,46,59
30,58,99,101
129,41,66,52
67,74,105,78
92,127,90,123
110,91,101,94
106,76,17,17
90,98,110,26
59,108,57,100
83,100,77,100
54,78,116,112
98,108,95,95
67,101,84,108
129,106,67,94
101,84,65,38
61,104,28,59
100,117,99,80
103,87,82,52
110,65,107,78
48,43,54,107
132,41,22,21
56,45,14,101
83,78,97,102
88,102,98,72
23,37,101,55
56,72,110,86
63,125,57,43
84,57,74,109
32,93,82,117
101,29,93,101
109,51,68,60
102,70,112,76
107,73,57,87
60,52,70,106
120,87,100,89
65,59,53,111
55,109,46,78
94,41,116,73
100,37,83,104
116,43,40,17
101,31,71,85
103,93,85,79
106,80,72,102
103,89,98,70
90,53,122,59
100,101,40,83
111,80,72,61
98,52,73,101
104,58,96,66
103,113,93,51
120,64,76,64
70,121,41,56
128,116,88,64
77,83,55,109
98,101,76,85
87,114,62,61
85,100,85,90
91,76,79,114
89,19,94,122
62,122,53,87
79,116,8,49
112,29,28,83
86,100,95,79
107,68,80,69
103,60,49,40
98,112,95,91
64,67,101,56
24,53,75,100
86,75,54,109
98,100,57,69
57,23,117,55
73,64,103,48
113,6,16,9
65,78,104,77
102,87,102,69
75,35,75,103
58,100,82,84
57,65,112,90
58,52,114,100
102,91,70,97
100,59,89,40
40,69,100,43
48,67,103,34
103,62,85,74
120,68,36,28
44,64,59,121
77,86,95,102
71,90,60,103
83,100,87,90
52,33,63,104
20,61,104,67
97,96,104,27
51,100,90,83
120,91,89,96
58,117,76,73
96,99,101,64
84,51,89,100
125,74,58,67
26,74,102,50
84,64,73,103
100,46,46,60
104,78,81,97
54,106,67,97
67,79,104,38
25,36,116,39
35,108,45,64
62,95,111,92
68,29,114,41
98,111,118,69
77,103,47,61
67,112,108,73
38,103,39,72
102,54,12,84
67,83,61,113
47,39,109,57
99,106,71,84
31,33,104,84
94,72,103,55
81,116,64,63
104,71,45,32
21,108,17,70
21,39,69,123
65,116,98,81
21,86,112,33
100,111,78,107
94,65,87,114
85,55,102,82
57,58,37,100
110,68,62,84
93,110,67,54
54,104,61,69
49,49,13,105
50,89,112,73
79,87,50,108
77,96,104,47
42,107,48,55
87,117,82,74
77,104,77,66
79,64,60,121
90,112,59,99
63,100,81,44
80,79,115,50
91,65,109,95
26,39,115,108
83,27,73,105
109,10,53,44
89,53,68,114
46,39,49,118
102,51,57,78
76,96,46,106
125,53,38,72
41,118,75,18
70,26,125,67
101,97,59,31
41,108,13,54
96,65,100,99
97,102,38,51
38,100,85,65
73,49,104,62
51,101,43,21
58,104,76,50
64,81,37,106
38,34,116,64
42,60,107,7
56,9,113,38
46,101,92,49
113,18,15,34
51,66,71,100
92,97,115,92
42,73,71,102
122,90,94,90
55,97,68,104
113,37,64,38
98,123,61,42
81,68,97,114
95,106,73,86
88,87,104,81
91,67,91,111
100,69,84,35
50,77,101,96
77,115,35,97
42,91,49,106
50,80,104,54
40,31,108,73
20,33,54,109
88,114,82,76
46,102,95,81
14,124,50,64
74,65,109,76
54,105,73,92
59,70,104,55
81,95,63,121
92,57,69,106
50,55,109,110
94,73,100,93
52,74,105,93
98,90,106,102
80,99,103,42
91,59,38,100
55,97,61,111
33,103,89,99
79,116,43,86
66,110,91,21
55,114,106,49
73,105,61,49
82,53,120,105
62,56,69,101
77,80,97,106
61,65,102,24
37,36,109,70
33,90,101,64
105,43,58,10
99,109,105,83
82,108,36,62
86,90,95,125
49,66,60,113
66,101,63,94
99,111,80,70
63,104,72,85
108,75,73,68
100,84,41,63
66,58,120,80
55,95,113,61
108,39,72,33
99,76,105,80
66,57,100,65
72,101,57,58
108,92,29,59
69,40,75,104
104,59,43,46
82,86,106,50
63,105,92,100
105,77,85,57
38,30,117,67
76,81,110,57
41,46,102,27
97,65,86,112
107,85,59,73
103,39,96,50
59,32,91,106
71,93,109,87
77,125,93,65
101,69,93,97
46,75,101,102
101,50,85,52
116,87,74,47
71,102,68,47
119,92,89,60
63,106,47,72
35,49,108,24
99,75,111,111
80,108,49,87
84,108,61,35
33,101,25,57
62,109,105,48
49,58,38,107
97,100,83,80
82,40,85,117
105,117,94,80
95,41,119,33
102,67,53,102
45,114,42,51
71,64,107,82
73,84,96,107
97,92,107,100
64,108,89,63
51,60,65,112
52,67,100,69
109,77,107,103
91,96,61,112
103,81,82,94
69,56,123,40
92,55,109,68
101,99,96,28
54,74,51,109
87,113,73,87
44,86,56,102
79,91,89,101
70,82,102,34
93,114,84,69
93,71,85,111
18,65,121,12
5,42,114,55
66,95,105,58
103,86,74,61
118,33,44,57
131,14,63,8
50,71,31,100
115,39,63,35
58,72,85,109
116,90,42,76
43,103,103,75
48,46,124,34
120,73,52,43
36,106,24,50
91,84,104,81
31,64,110,47
89,101,105,65
103,20,83,82
110,77,71,66
74,80,32,102
30,53,115,18
74,88,108,54
60,105,73,86
112,29,24,15
91,71,123,75
68,21,54,109
24,105,44,43
85,45,103,91
59,105,78,82
46,105,28,37
47,17,114,38
46,70,114,94
63,111,100,86
111,72,51,90
108,47,58,39
57,102,81,12
108,83,60,37
79,44,74,127
109,35,31,77
44,39,103,66
128,63,37,60
84,78,103,95
109,29,97,89
105,86,16,45
20,39,55,102
89,77,93,101
122,49,57,24
104,102,105,85
54,100,14,48
109,70,58,51
93,97,82,124
30,115,74,33
113,63,72,40
104,66,96,58
92,101,90,113
100,18,84,86
88,112,74,86
43,85,94,102
35,82,16,119
65,114,76,105
102,96,93,69
61,105,41,45
109,82,78,19
91,57,40,100
60,56,111,61
36,88,100,64
27,105,50,70
65,113,60,86
22,59,100,71
114,82,115,85
85,85,107,47
97,108,78,41
35,70,100,83
98,96,108,94
18,105,47,46
100,110,49,101
42,102,64,44
76,86,61,101
56,110,48,38
116,78,71,59
118,89,78,75
86,57,104,77
100,89,78,93
108,56,53,71
69,99,83,109
101,52,69,66
65,61,101,97
95,87,104,74
39,64,46,103
93,120,78,33
80,77,65,102
66,52,104,66
93,39,73,119
103,66,70,85
104,36,33,43
101,73,125,97
85,30,100,73
85,71,58,110
40,54,54,104
106,53,41,52
33,31,105,47
103,100,97,96
96,73,111,44
62,79,81,102
71,100,35,82
77,68,79,100
101,43,60,84
71,65,50,102
52,118,60,58
62,103,55,68
101,59,53,39
86,75,88,111
107,72,52,57
104,79,59,82
42,92,117,73
89,54,76,105
63,23,26,104
106,105,90,95
52,62,70,104
107,40,71,70
74,101,90,95
112,56,64,92
63,70,53,102
63,67,17,105
44,44,54,110
39,33,42,102
109,69,60,86
14,104,52,82
127,87,101,81
94,62,113,91
100,65,29,94
43,36,117,56
64,48,74,102
50,46,119,73
117,53,55,27
51,51,102,48
102,82,32,36
52,51,101,48
103,23,28,62
116,70,47,91
70,28,110,8
51,122,36,79
32,51,117,88
100,81,99,80
19,52,101,44
105,82,72,29
18,105,41,88
82,97,67,114
63,116,86,59
63,107,42,40
47,56,103,46
45,76,56,111
89,107,97,67
61,113,21,93
21,120,72,75
118,95,76,107
67,53,29,103
82,54,110,42
113,80,86,81
117,48,72,87
82,51,88,103
50,77,91,106
95,109,85,71
110,53,47,114
52,54,57,125
8,86,44,114
35,61,51,105
58,87,105,74
81,22,101,48
44,113,42,89
122,53,62,51
95,110,93,98
86,105,40,57
100,101,39,84
100,27,37,52
82,84,90,104
74,102,47,101
38,104,47,99
111,95,82,72
88,60,100,40
28,106,80,38
59,81,23,125
80,90,111,79
65,66,106,87
79,112,19,42
39,9,27,105
100,21,17,42
42,87,104,55
43,36,102,35
53,106,78,51
69,90,103,98
112,95,90,63
102,53,95,74
116,48,69,91
108,61,77,78
46,28,100,42
105,34,52,25
113,88,92,67
22,36,104,18
118,79,87,76
31,102,62,21
14,63,100,75
60,67,59,102
18,107,28,27
120,81,76,83
33,109,17,93
81,90,109,80
50,50,109,43
106,35,41,34
86,90,102,82
89,78,100,93
45,102,57,48
55,100,89,80
85,75,27,101
106,77,85,92
102,56,67,27
114,64,48,62
67,37,100,48
113,67,82,62
102,31,85,34
112,73,103,108
47,48,114,43
39,110,56,47
50,106,56,76
107,83,97,73
99,8,119,98
65,77,121,61
66,64,113,81
63,34,18,101
60,25,64,103
70,92,101,61
47,106,56,79
108,61,9,38
123,29,88,84
95,88,103,74
55,59,73,101
18,79,104,51
74,93,118,75
100,84,91,85
104,95,72,89
59,103,81,81
95,100,51,42
48,59,64,117
38,42,110,62
101,73,36,78
101,73,62,52
105,47,73,27
38,42,102,34
60,110,71,47
102,83,73,102
57,104,62,101
50,82,106,86
48,55,78,107
101,33,67,87
43,44,102,27
68,87,99,106
91,40,42,115
84,50,104,86
104,92,66,62
75,113,72,64
44,110,77,93
60,121,49,94
15,100,13,52
95,102,89,74
109,87,65,63
56,60,33,103
39,100,86,99
45,91,107,81
103,84,96,77
94,62,57,111
62,27,124,39
118,55,37,78
71,91,91,107
90,74,53,107
40,57,116,75
61,109,52,102
64,104,72,48
50,54,73,111
66,116,36,34
94,54,121,91
68,62,107,51
45,89,44,110
108,101,95,20
102,62,106,54
109,67,75,37
88,89,107,40
104,26,51,71
71,107,84,62
92,106,59,103
97,70,50,107
87,117,69,87
64,108,58,94
103,52,81,52
95,91,109,65
75,100,18,95
121,82,55,30
71,103,61,53
51,63,67,107
26,119,63,44
107,89,65,99
23,70,50,109
57,35,13,111
34,113,79,98
100,80,14,94
62,40,101,85
28,34,88,102
85,111,64,64
85,47,118,74
104,56,29,63
57,56,104,35
56,55,105,108
88,48,87,101
95,79,97,125
60,106,61,61
100,95,66,99
45,98,120,61
103,69,83,33
67,84,92,117
104,62,57,65
101,98,98,99
98,57,112,57
60,94,101,105
87,104,94,75
60,113,22,21
24,32,60,100
103,91,51,79
111,64,76,73
93,70,80,117
100,31,54,31
112,82,60,34
94,37,57,100
92,93,63,112
100,34,64,54
26,100,57,69
16,101,36,63
101,64,47,40
42,60,100,50
98,101,58,31
47,73,64,104
69,99,121,107
108,76,59,81
49,83,114,42
96,81,81,102
85,104,42,57
27,106,64,55
109,43,99,73
100,64,110,86
54,92,111,67
74,71,105,74
104,65,57,62
58,100,58,72
121,78,97,64
50,102,46,54
42,100,80,30
69,23,101,95
50,78,117,43
43,104,40,65
73,54,47,114
91,101,106,98
73,48,117,50
102,21,49,44
56,108,80,116
69,108,43,68
77,76,82,125
51,70,62,105
40,116,38,94
70,69,114,35
117,72,95,76
41,111,65,71
113,43,107,97
64,55,108,25
27,61,52,112
61,106,97,60
106,80,66,108
57,60,34,101
116,72,70,66
113,105,98,80
75,91,84,110
41,45,57,109
103,92,96,69
77,48,102,61
29,103,38,46
97,71,103,53
105,30,36,45
51,103,49,49
64,86,102,36
110,79,92,79
27,68,109,48
63,71,81,109
64,17,60,111
113,57,48,70
71,97,111,81
24,38,102,52
43,76,63,106
58,110,58,62
103,41,94,50
66,58,102,62
78,36,106,68
86,89,102,47
47,102,42,97
48,68,117,55
101,82,72,69
82,42,57,107
48,115,39,50
100,97,102,97
101,38,26,51
79,47,98,100
106,49,33,64
61,65,10,116
114,102,71,73
33,77,74,104
35,58,114,81
109,60,92,99
25,81,71,111
93,110,52,33
55,101,41,91
110,51,51,40
105,22,93,32
88,48,105,47
74,43,55,116
109,61,77,77
85,116,77,82
104,75,67,78
63,31,102,56
54,102,60,36
108,45,56,79
106,31,56,59
37,111,85,55
60,46,77,105
45,20,48,103
88,100,77,95
105,51,41,55
71,50,65,102
110,86,56,72
65,56,105,62
104,75,82,99
101,101,97,97
60,78,47,103
111,38,61,78
113,94,81,72
41,106,36,69
62,112,66,84
47,79,100,62
69,104,75,40
78,52,106,88
51,33,114,54
108,52,51,77
51,104,68,65
74,86,56,108
84,87,72,117
79,97,104,80
51,59,103,39
60,67,44,117
43,40,101,32
34,102,86,30
115,34,77,62
112,56,38,46
104,30,46,72
27,76,82,103
82,96,105,113
80,100,42,66
83,92,83,102
93,62,53,116
95,33,14,110
76,87,25,100
80,106,80,94
39,58,120,71
72,109,80,63
49,46,105,52
88,89,107,76
93,109,65,57
13,100,26,41
61,63,98,102
50,100,68,70
87,48,72,117
86,102,92,44
59,79,46,104
98,112,63,51
112,77,82,89
118,59,70,41
39,110,38,65
51,74,63,100
66,111,21,54
75,84,57,108
84,63,85,128
112,81,66,65
118,75,71,60
96,71,110,83
97,105,90,68
86,106,85,83
99,116,84,25
58,72,117,41
45,74,77,128
35,64,44,109
80,103,42,63
80,48,56,104
77,39,123,49
62,56,109,97
93,74,87,106
104,73,56,91
68,47,112,97
121,68,31,68
72,60,100,92
57,92,113,98
81,101,87,91
19,91,114,100
115,83,49,41
102,107,108,79
75,53,60,100
113,27,70,42
97,87,70,106
32,110,79,103
31,97,110,50
100,56,66,66
88,32,104,100
43,38,113,22
70,86,105,63
61,39,46,106
85,84,110,81
46,100,58,48
103,51,76,58
90,86,47,101
59,115,62,88
43,116,104,61
103,51,86,84
52,81,50,105
104,79,89,52
83,49,102,90
94,101,50,43
58,117,35,42
36,105,25,50
46,85,81,112
6,40,112,22
77,49,89,109
112,54,36,50
73,85,109,57
96,86,77,101
79,87,84,110
83,100,38,31
117,55,33,47
107,97,46,110
112,105,44,27
64,101,73,86
82,103,66,73
69,85,96,110
89,67,93,111
96,74,119,35
115,50,54,33
103,94,39,52
104,37,57,54
81,47,113,83
104,77,73,70
16,59,30,111
78,88,91,103
130,83,62,49
101,82,31,74
102,58,62,66
104,73,57,54
79,100,77,104
113,46,55,74
97,112,45,106
66,112,71,75
97,71,108,84
91,101,97,107
101,98,79,82
72,100,59,93
68,71,93,128
36,102,64,50
115,104,64,41
109,99,78,74
93,114,99,54
95,90,105,106
42,102,89,91
90,53,111,70
70,111,51,92
54,40,115,43
78,106,47,93
62,115,49,98
68,119,80,57
100,90,94,76
104,108,44,104
94,107,57,30
53,121,39,75
110,94,93,99
40,107,36,33
119,54,37,78
93,115,65,87
89,92,132,83
82,43,89,110
66,116,42,28
108,47,106,99
35,41,72,104
95,52,105,72
111,48,76,53
72,51,64,101
110,54,76,84
94,99,103,100
110,64,90,96
73,69,67,115
78,36,106,68
81,62,105,40
24,71,107,14
79,72,67,106
50,27,67,108
56,107,57,68
40,117,71,24
100,31,60,61
49,74,101,64
57,37,107,87
53,64,123,48
106,117,68,69
108,94,67,91
86,48,112,78
92,120,14,98
101,53,82,88
104,66,87,67
114,80,79,51
35,87,63,103
107,58,78,81
27,105,36,48
22,102,77,51
61,39,100,52
55,83,83,103
88,39,49,112
42,85,106,19
111,87,68,94
94,75,90,101
90,105,117,84
37,129,60,26
45,54,49,104
62,23,105,26
58,89,36,105
108,41,77,26
57,82,119,66
77,103,46,26
57,72,52,107
62,117,15,94
98,32,21,101
75,113,83,89
110,91,79,80
85,69,109,97
69,110,36,37
120,91,68,81
50,95,72,107
24,19,128,45
33,43,34,106
79,64,126,55
110,60,56,62
55,109,15,73
44,49,57,102
107,79,59,79
32,97,92,103
34,82,70,102
7,106,48,19
107,51,80,14
111,55,24,98
104,51,95,74
61,62,98,103
36,103,51,98
112,67,117,28
44,113,66,65
115,60,84,101
104,85,45,126
74,87,96,103
109,105,85,61
43,67,106,36
105,25,68,54
76,60,102,50
75,65,108,76
59,114,53,62
95,93,63,109
55,96,61,112
89,47,88,100
103,56,30,63
91,79,116,74
35,61,45,111
69,42,109,32
103,104,106,47
100,59,62,67
68,102,99,91
113,74,79,94
15,100,100,109
103,86,28,35
81,73,90,116
82,113,79,86
75,80,30,103
67,104,86,67
55,77,48,108
48,47,117,76
85,32,29,106
41,78,68,101
40,50,102,24
111,97,52,64
34,43,96,115
54,73,110,51
101,70,107,46
59,82,100,47
106,48,83,87
74,61,45,108
84,82,80,114
8,36,104,32
78,108,68,106
88,97,64,111
66,107,65,50
57,89,113,29
21,102,38,55
75,102,83,100
104,75,78,31
49,101,24,78
14,55,110,37
56,101,84,47
70,103,104,83
127,39,58,64
58,59,114,93
51,117,20,64
102,43,72,35
72,92,56,104
54,84,105,81
119,91,98,52
101,74,31,46
90,104,92,38
130,89,46,95
117,51,87,69
102,63,92,31
74,62,102,86
42,54,109,83
65,74,113,72
51,29,115,57
101,94,51,78
81,113,72,58
41,101,26,12
103,86,57,42
112,47,67,62
89,74,100,97
76,66,39,107
40,79,110,95
100,79,73,72
94,92,105,69
44,102,42,64
97,72,85,106
14,42,116,44
14,22,29,115
23,101,11,45
44,73,103,32
74,54,92,104
100,40,107,77
12,66,33,105
65,75,105,79
92,97,60,111
82,82,109,87
73,39,108,104
46,66,39,101
104,97,87,36
83,106,27,36
130,62,97,107
102,56,52,42
44,53,106,85
82,110,23,73
59,102,81,82
38,107,110,69
45,38,105,64
59,97,50,118
29,39,106,42
33,120,74,97
111,80,107,62
37,104,62,13
33,82,89,120
82,97,110,35
120,73,64,31
113,56,28,55
66,49,102,35
82,107,38,97
77,93,106,48
24,80,129,55
54,50,105,43
103,55,84,82
85,11,100,56
41,100,57,54
45,40,101,30
51,101,45,91
69,75,54,126
85,68,100,71
59,63,24,106
59,73,88,104
63,102,40,47
81,88,40,115
106,55,97,66
79,104,64,41
106,52,82,48
119,12,28,57
66,12,95,115
71,86,97,106
107,54,62,65
93,113,73,45
96,102,58,68
60,100,47,81
55,32,28,101
87,99,37,101
43,109,56,44
17,39,58,102
104,21,84,79
109,70,25,84
39,86,98,101
102,80,45,61
39,44,27,106
12,6,51,111
86,109,86,79
56,60,116,56
84,87,103,50
55,61,59,113
84,82,92,102
105,88,89,78
116,56,64,88
72,126,26,64
113,55,44,40
74,49,102,27
47,104,85,88
55,102,38,21
104,81,79,96
88,82,119,71
74,114,58,78
27,106,52,31
38,104,30,116
102,57,53,4
106,61,55,30
87,87,102,84
60,102,17,37
101,110,86,99
63,75,34,116
105,118,75,98
47,58,64,119
71,113,60,80
62,21,101,68
61,94,68,101
91,41,103,89
106,92,47,43
74,55,106,53
103,39,70,40
119,87,51,103
103,32,87,30
16,69,21,110
43,106,60,43
49,70,104,29
79,85,54,106
61,21,107,27
109,58,111,46
74,63,101,50
100,102,75,83
69,32,76,111
83,104,94,79
47,72,104,29
66,100,60,98
111,40,102,71
70,90,120,80
98,72,110,80
55,67,50,116
83,89,49,103
80,81,107,20
128,89,65,78
58,86,79,101
70,65,106,83
130,84,100,10
38,42,101,35
110,96,93,61
102,69,91,62
83,104,111,98
43,23,81,105
46,104,65,73
35,44,121,88
124,94,70,72
52,115,44,77
96,98,125,77
95,102,58,69
47,78,99,100
103,85,56,8
109,96,92,63
92,107,75,86
70,49,104,65
84,109,56,75
50,111,64,99
102,76,65,81
26,116,46,64
55,103,45,85
94,64,21,109
49,113,78,48
46,101,60,81
81,41,103,63
58,127,97,78
100,81,91,52
132,93,112,59
76,99,76,109
76,50,102,96
100,63,83,78
55,58,102,73
55,109,80,80
101,66,101,92
41,105,7,63
64,111,19,94
71,64,110,115
64,64,93,103
101,93,38,92
92,44,40,112
93,104,65,62
74,79,67,104
113,45,37,57
117,88,29,90
81,94,101,84
59,76,112,77
17,70,108,57
124,42,60,62
98,96,108,58
27,60,113,16
67,15,97,109
84,102,32,70
13,44,114,45
35,94,118,77
102,102,105,51
36,61,44,111
42,110,45,91
31,85,107,65
95,99,106,60
72,97,86,105
111,16,97,100
110,51,34,21
93,111,43,77
113,64,85,62
26,50,106,34
76,91,88,105
100,64,68,92
86,106,60,108
110,31,49,62
74,60,112,6
30,13,23,114
64,31,36,121
92,107,62,99
58,110,45,39
100,90,57,41
69,52,66,101
99,96,100,65
110,63,81,34
80,76,93,111
103,30,54,65
105,124,76,55
64,81,114,65
72,71,97,120
102,108,52,98
19,84,83,102
106,79,102,73
20,25,102,69
59,115,38,76
35,63,104,50
82,98,111,69
92,56,29,111
37,74,104,73
56,109,45,42
42,87,102,93
101,103,115,41
102,85,89,120
49,106,77,56
82,114,87,41
51,55,115,31
70,110,81,99
23,100,104,97
45,79,55,109
58,96,92,114
79,28,122,131
93,88,39,104
0,67,102,47
102,58,49,79
32,84,57,115
105,79,92,84
105,72,101,82
87,111,64,98
117,96,55,56
74,95,105,86
123,115,97,97
31,110,41,34
54,86,109,75
49,90,69,116
41,72,72,103
116,93,39,76
64,105,22,61
102,104,120,70
103,72,73,76
63,42,78,105
70,102,94,22
102,51,70,65
123,54,106,113
113,101,57,53
19,51,118,64
24,28,55,109
100,59,56,109
112,79,45,88
95,82,47,100
106,100,86,32
20,19,34,107
85,103,60,40
40,113,63,36
116,67,20,85
31,112,16,93
28,69,128,63
63,93,119,85
36,65,101,86
25,107,68,52
101,75,79,69
64,108,93,59
87,92,70,111
49,56,100,47
37,60,105,86
102,97,107,90
76,75,110,63
106,48,86,84
109,59,33,51
116,99,50,95
83,111,97,69
74,91,92,103
72,93,56,103
32,64,106,14
92,120,65,47
105,97,27,95
53,48,103,48
66,88,104,66
106,60,98,60
102,66,48,72
109,109,91,51
44,112,84,48
86,110,73,91
77,69,74,104
82,79,103,60
43,100,38,35
81,84,101,58
63,100,77,48
51,53,109,75
64,59,108,93
112,25,67,84
89,25,22,116
122,57,78,31
98,106,50,34
52,37,63,100
54,105,41,52
100,80,50,94
69,103,95,93
102,87,81,90
39,71,95,119
79,108,70,31
29,114,22,87
78,117,85,80
115,45,46,82
103,59,82,44
93,84,63,120
118,66,67,73
107,69,93,55
57,87,79,101
113,60,101,86
101,61,84,42
59,38,100,55
59,52,117,24
63,118,27,80
109,70,61,84
53,54,66,115
102,59,74,53
42,104,53,17
55,107,95,103
35,34,108,75
109,50,60,69
54,41,116,77
47,101,22,10
109,72,63,44
109,81,46,88
101,43,24,48
114,64,98,84
51,48,101,88
110,88,69,57
95,98,29,102
71,118,69,66
95,113,88,100
62,41,83,102
40,111,36,29
44,77,101,66
84,105,91,116
50,105,102,67
18,67,114,53
48,112,28,28
96,84,76,104
110,99,56,95
82,57,101,84
59,108,56,101
46,83,104,55
95,69,108,88
79,85,104,92
62,102,29,23
65,64,101,94
96,117,61,86
64,84,34,106
102,46,76,100
91,94,122,89
48,68,101,71
72,65,109,42
33,108,40,35
78,55,100,19
67,69,113,39
102,54,60,36
76,96,101,15
57,115,41,75
82,109,76,93
42,110,56,80
100,60,44,48
67,104,19,62
104,98,53,33
101,46,76,65
71,105,37,75
84,106,99,107
71,120,76,93
49,113,67,95
76,32,104,40
56,88,106,38
32,102,53,65
83,100,96,81
102,103,50,69
84,104,63,37
87,22,72,107
59,67,60,102
49,100,69,70
96,108,80,76
45,19,81,107
84,110,83,47
40,88,75,121
37,94,50,107
86,73,99,102
40,101,65,46
103,26,59,100
112,102,46,100
69,101,57,97
55,55,100,42
82,77,60,105
100,72,45,71
73,117,39,95
106,26,83,73
97,75,103,85
70,105,39,74
106,84,122,120
101,39,66,10
106,99,96,59
82,108,82,16
78,81,62,103
103,95,57,69
54,49,32,117
121,58,58,51
92,90,109,69
26,87,115,24
56,54,100,42
80,42,106,24
60,64,113,87
67,109,98,86
105,73,46,100
77,60,38,113
88,26,113,97
28,38,108,42
111,91,68,90
62,105,33,52
68,101,68,87
74,69,104,41
104,85,88,119
90,56,108,70
66,103,62,21
58,89,28,113
105,40,78,101
72,93,75,120
41,109,83,55
64,118,65,77
58,64,105,97
31,85,58,114
49,75,63,101
100,53,68,67
86,83,103,88
33,34,80,105
100,55,92,5
50,88,84,102
51,88,103,46
63,72,102,51
61,64,100,63
103,78,34,37
48,56,101,83
104,106,95,91
101,55,75,93
128,85,99,120
16,16,36,112
72,37,28,115
67,101,101,91
73,104,63,84
102,39,12,63
49,57,106,76
32,83,113,96
55,91,105,73
92,106,68,58
71,112,91,86
85,62,74,103
56,103,78,15
111,68,96,85
44,106,14,16
76,109,77,62
95,104,106,91
38,100,91,95
86,98,96,116
89,46,27,126
101,88,97,74
87,44,17,104
100,94,105,97
39,81,59,109
83,118,48,75
73,102,69,44
105,74,80,65
97,74,49,104
109,75,65,75
117,58,55,22
49,39,44,120
76,26,83,103
103,93,101,99
58,32,62,100
47,104,77,60
65,104,28,55
15,116,29,20
33,57,106,20
122,80,55,103
83,109,91,41
103,58,23,32
101,90,39,22
20,48,62,122
105,47,78,58
97,36,85,106
54,118,66,50
87,100,59,78
95,8,84,101
89,77,80,114
101,49,83,91
127,47,29,49
47,53,8,108
101,92,108,59
107,55,54,36
95,78,109,78
106,55,53,38
102,73,90,59
31,71,102,48
102,77,73,72
45,113,30,28
89,95,101,75
113,97,105,81
35,65,49,103
44,43,18,111
70,82,110,98
39,55,53,105
55,105,33,59
24,34,110,48
74,106,64,80
106,79,56,47
41,65,45,101
43,86,117,78
75,100,91,94
67,103,55,27
113,76,70,65
36,61,105,86
62,106,85,71
77,83,63,101
55,36,100,25
78,109,62,75
80,65,72,107
99,56,56,113
117,55,43,37
105,92,41,50
66,67,115,76
99,69,108,84
100,79,74,71
96,78,125,25
101,79,89,55
36,39,105,36
58,19,103,72
63,62,106,93
68,119,55,46
68,24,105,91
109,54,53,72
101,114,43,102
111,30,26,49
69,77,112,102
110,61,35,82
113,31,66,78
68,103,65,52
110,28,69,45
81,49,108,50
59,101,65,99
109,39,93,47
91,42,101,54
53,104,32,63
90,122,92,92
110,16,100,98
67,25,102,94
114,36,90,84
108,91,88,73
19,52,107,74
69,40,102,77
6,28,37,109
73,110,54,87
65,96,83,116
104,36,90,94
41,44,100,103
105,85,63,71
59,85,60,120
101,67,33,87
113,62,68,81
64,54,102,104
109,71,59,85
98,85,72,105
105,35,72,40
109,56,82,113
101,113,69,77
70,78,112,64
101,37,25,17
94,118,32,80
100,53,39,60
103,110,81,66
100,92,74,58
60,121,71,72
95,25,79,125
14,25,36,105
73,86,90,111
78,91,107,12
113,38,113,60
100,65,52,71
112,87,45,80
27,101,60,64
79,99,69,113
20,61,64,107
103,61,94,102
101,59,30,62
32,71,80,105
82,76,59,107
72,100,75,41
52,116,89,67
47,91,125,97
104,22,54,36
90,135,75,96
123,7,25,25
80,58,106,80
99,109,58,94
116,17,51,32
76,105,36,71
107,68,86,99
29,35,37,115
102,89,72,97
103,71,25,53
87,77,58,102
71,108,73,72
85,75,40,124
61,73,80,110
60,91,87,122
84,120,38,10
102,19,35,96
100,73,119,68
39,38,111,28
98,74,102,86
101,27,56,32
30,40,33,113
90,97,103,70
89,63,66,106
76,103,100,45
52,119,66,87
65,106,48,105
95,121,92,88
76,104,64,80
24,100,27,29
116,38,27,35
33,58,92,105
87,101,79,93
116,99,73,72
120,76,95,69
108,101,35,80
61,88,98,113
101,72,92,95
88,46,101,89
64,112,80,68
94,80,83,103
73,32,107,40
14,77,104,93
82,79,100,99
49,102,83,18
86,101,86,87
98,125,89,84
75,83,88,114
4,128,66,54
96,50,76,102
41,96,106,45
95,40,88,101
82,53,120,105
48,45,109,50
50,104,73,97
107,101,86,102
105,106,94,55
28,13,35,104
79,74,97,110
116,41,3,56
35,100,71,82
87,102,64,71
91,101,84,120
108,68,40,72
88,94,64,114
48,107,76,57
23,28,104,25
55,75,92,102
88,103,79,54
93,102,87,42
114,93,45,72
24,66,92,106
27,61,101,27
100,80,90,90
120,92,69,79
52,102,39,23
81,51,115,77
19,102,38,21
114,52,74,48
78,8,29,101
103,29,86,70
64,125,61,74
91,122,57,90
98,54,104,68
61,113,92,94
100,111,61,16
107,30,80,35
40,65,115,68
104,81,78,97
62,98,58,106
51,109,47,81
55,42,48,107
72,42,103,35
98,122,58,82
84,46,56,102
103,48,73,64
51,44,30,127
75,87,107,91
55,91,110,68
26,42,102,46
71,44,70,103
63,97,82,118
115,83,115,83
40,107,42,27
51,32,111,58
45,103,9,23
27,116,66,7
22,105,55,70
33,47,66,106
117,3,32,28
65,76,110,73
59,104,63,26
66,84,111,27
103,76,94,87
70,59,50,109
58,105,47,42
88,49,120,31
109,91,31,93
118,86,93,99
58,104,93,105
102,102,80,40
87,111,79,83
55,42,55,100
97,84,103,40
75,91,119,75
54,19,74,105
86,106,83,85
78,55,106,85
77,88,59,100
102,87,100,35
103,97,51,73
77,38,71,102
84,104,68,32
47,25,59,121
127,62,45,54
86,129,94,51
107,102,60,55
65,65,94,100
41,108,36,67
25,75,46,106
84,71,60,109
105,86,58,111
32,101,43,40
95,81,104,44

WINS
5064,4943,5081,4912
LOSSES
5071,5004,4876,5049
SHOOT THE MOONS
521,564,532,548